101 12 76
0.4993 0.4141 0.4474 0.3652 0.3381 0.5476 0.7465 0.8193 0.3413 0.2174 0.2874 0.3266
0.1397 0.2287 0.8606 0.1825 0.0851 0.1541 0.3567 0.8395 0.2973 0.2349 0.1712 0.1711
0.1138 0.2223 1.0000 0.2340 0.0669 0.1019 0.1576 0.2246 0.1321 0.2318 0.1452 0.1354
0.1140 0.1582 0.5473 0.1862 0.0841 0.2100 0.3886 0.9632 0.2810 0.1910 0.2972 0.2545
0.1790 0.3574 0.9162 0.2546 0.0960 0.2223 0.2649 0.4810 0.2702 0.2953 0.7710 0.3311
0.1018 0.1904 0.5044 0.1563 0.0778 0.2002 0.5799 0.9145 0.2158 0.1751 0.1718 0.1930
0.3429 0.3211 0.2633 0.0795 0.1164 0.1753 0.9862 0.4654 0.2210 0.1645 0.1851 0.4043
0.5592 0.2945 0.3544 0.1301 0.2143 0.2385 0.8151 0.8455 0.3200 0.2799 0.1869 0.6465
0.1306 0.1996 0.4709 0.1466 0.0713 0.1150 0.3209 0.9711 0.2360 0.1308 0.1349 0.2321
0.1107 0.2505 0.7691 0.2541 0.0883 0.1620 0.3469 0.7808 0.1958 0.2091 0.1424 0.2012
0.3335 0.1838 0.3336 0.6440 0.1029 0.1552 0.3174 0.9059 0.2481 0.1247 0.2908 0.3368
0.7964 0.3072 0.3609 0.6419 0.1856 0.4597 0.4580 0.8142 0.2681 0.1723 0.3224 0.6862
0.1644 0.1955 0.7898 0.1796 0.0744 0.1399 0.2957 0.7022 0.2015 0.1436 0.1069 0.1942
0.1181 0.2428 0.9369 0.2696 0.0941 0.2241 0.4054 0.2273 0.1109 0.1809 0.1230 0.1726
0.3954 0.4155 0.4894 0.2425 0.1878 0.4961 0.8781 0.3418 0.2108 0.4448 0.5996 0.3500
0.1905 0.4277 0.9709 0.3005 0.1623 0.1540 0.2878 0.3398 0.2013 0.5630 0.2363 0.2510
0.1886 0.4874 0.9065 0.2854 0.1836 0.2473 0.3714 0.8484 0.3456 0.2572 0.2476 0.4119
0.1465 0.3105 0.5013 0.2715 0.2065 0.6155 0.7826 0.8466 0.2220 0.2210 0.1528 0.2142
0.1333 0.2490 0.7423 0.2169 0.1067 0.1969 0.3105 0.8767 0.2130 0.2845 0.2568 0.1858
0.1691 0.3680 0.9413 0.2676 0.1313 0.3099 0.5050 0.5500 0.2014 0.2898 0.4101 0.2352
0.3324 0.2619 0.9601 0.2379 0.1416 0.4192 0.2840 0.6020 0.2422 0.2533 0.2933 0.2044
0.1334 0.2121 0.7968 0.2750 0.2254 0.2702 0.3281 0.4484 0.2197 0.2021 0.5871 0.2350
0.3434 0.2069 0.4003 0.0841 0.1580 0.1350 0.2975 0.9451 0.2879 0.6715 0.2085 0.2272
0.8496 0.4024 0.3437 0.1246 0.2729 0.2805 0.4872 0.7055 0.2615 0.6125 0.4584 0.7332
0.2390 0.2477 0.5218 0.1713 0.0932 0.2419 0.2735 0.9312 0.2429 0.2120 0.5650 0.3214
0.1985 0.3985 0.9914 0.6314 0.1672 0.2106 0.2906 0.3388 0.1547 0.2613 0.3502 0.3295
0.1798 0.3314 0.6741 0.9218 0.1391 0.2425 0.2517 0.4134 0.1350 0.1712 0.2396 0.2797
0.3530 0.2862 1.0000 0.4119 0.1742 0.5037 0.1943 0.1759 0.1296 0.2447 0.1896 0.3614
0.8710 0.4440 0.5476 0.7787 0.3251 0.2827 0.2201 0.3957 0.2333 0.3695 0.6061 0.8761
0.5735 0.2333 0.3285 0.2108 0.1618 0.2566 0.3005 0.2881 0.3067 0.5821 0.9437 0.6253
0.5000 0.3328 0.4973 0.1934 0.2405 0.1698 0.2808 0.2714 0.2497 0.9825 0.5585 0.3507
0.1814 0.2443 0.8899 0.2153 0.1246 0.1539 0.3026 0.4388 0.1736 0.6957 0.1767 0.1724
0.0852 0.0862 0.3367 0.0776 0.0781 0.1541 0.2849 1.0000 0.2379 0.1895 0.1176 0.1660
0.0896 0.1474 0.6865 0.1048 0.1028 0.2354 0.3683 1.0000 0.2679 0.2450 0.5255 0.1957
0.1050 0.1668 0.8310 0.1569 0.1195 0.2514 0.3213 0.8734 0.2974 0.1910 0.4041 0.1620
0.3906 0.2629 0.4309 0.1379 0.0838 0.1406 0.2167 0.7242 0.2293 0.3003 0.5674 0.6295
0.3336 0.2225 0.7241 0.1314 0.1217 0.5595 0.1874 0.2078 0.1364 0.2469 0.3741 0.9116
0.2269 0.1472 0.9738 0.1672 0.1731 0.7020 0.3491 0.4401 0.1700 0.2011 0.1668 0.6286
0.1574 0.1568 0.9719 0.1849 0.1726 0.8924 0.4045 0.3230 0.2046 0.3410 0.0900 0.1890
0.3256 0.1973 0.8436 0.2172 0.1228 0.7447 0.2791 0.4418 0.1600 0.3136 0.3290 0.6200
0.2607 0.1555 0.2815 0.4967 0.0994 0.3002 0.2314 0.7789 0.2190 0.1931 0.4542 0.9809
0.1849 0.0842 0.1786 0.5387 0.1184 0.4729 0.4302 0.8355 0.8037 0.1440 0.2476 0.8838
0.3930 0.1641 0.3068 0.5622 0.1594 0.4955 0.5970 0.9172 0.5241 0.1973 0.2250 0.4895
0.5100 0.3022 0.9253 0.1674 0.1326 0.6188 0.2830 0.5234 0.1782 0.2460 0.2261 0.7721
0.9836 0.4211 0.3971 0.1765 0.1559 0.6255 0.2071 0.3389 0.1390 0.2172 0.2442 0.7489
0.9473 0.2000 0.2315 0.5450 0.1823 0.2407 0.3627 0.7548 0.1850 0.0973 0.1861 0.4464
0.7161 0.1469 0.2204 0.7400 0.1727 0.1754 0.3513 0.5870 0.2072 0.1154 0.2038 0.6178
0.8253 0.3627 0.7764 0.4579 0.1474 0.2166 0.1896 0.3468 0.1260 0.2578 0.2743 0.7767
0.7445 0.2928 0.6126 0.5294 0.1712 0.2754 0.1713 0.3602 0.0870 0.2381 0.2257 0.8028
0.8359 0.1887 0.5305 0.6645 0.1621 0.3905 0.2059 0.3363 0.1660 0.3514 0.6022 0.5417
0.7977 0.1784 0.2517 0.8368 0.2037 0.2416 0.2806 0.5756 0.3243 0.5176 0.6292 0.3821
0.7543 0.1954 0.2113 0.7699 0.3462 0.2957 0.2491 0.4888 0.3487 0.9885 0.3471 0.2937
0.7182 0.1978 0.2079 0.7619 0.3241 0.6654 0.3470 0.3407 0.2501 0.6097 0.2472 0.1998
0.9252 0.1695 0.1435 0.7514 0.1955 0.6849 0.1801 0.3403 0.1710 0.2798 0.1913 0.1973
0.5856 0.1520 0.3714 0.6061 0.2596 0.4757 0.2313 0.3622 0.3364 0.8250 0.3180 0.1853
0.2323 0.1603 0.7280 0.2871 0.2259 0.5909 0.2257 0.3863 0.2691 0.9328 0.2097 0.1392
0.2887 0.1757 0.4002 0.2075 0.1876 0.9873 0.2922 0.2860 0.1723 0.3192 0.0968 0.1020
0.7857 0.2160 0.2029 0.6270 0.2090 0.3798 0.2037 0.3812 0.2159 0.5105 0.7603 0.4121
0.2261 0.1521 0.4342 0.2337 0.1148 0.3459 0.1516 0.1497 0.1390 0.4222 0.9934 0.3811
0.1428 0.2197 0.6601 0.1537 0.1755 0.9505 0.3011 0.1731 0.1403 0.3755 0.7798 0.1796
0.1863 0.4966 0.7138 0.1613 0.1912 0.4029 0.1289 0.1377 0.2038 0.7107 0.7575 0.2440
0.3794 0.2775 0.3913 0.3096 0.1056 0.2409 0.1000 0.1674 0.1696 0.5236 0.9587 0.3191
0.6694 0.4026 0.3366 0.4514 0.1897 0.2540 0.1716 0.1717 0.1541 0.7579 0.5229 0.2459
0.1929 0.1684 0.7947 0.1677 0.1347 0.6786 0.2365 0.1192 0.0873 0.3896 0.9877 0.1407
0.2986 0.3084 0.9727 0.2531 0.2423 0.7171 0.3542 0.3652 0.2834 0.4024 0.7343 0.3209
0.3224 0.2864 0.6817 0.2278 0.2360 0.5867 0.6867 0.3902 0.2354 0.2662 0.4074 0.3355
0.3495 0.1100 0.1525 0.0629 0.1005 0.2794 1.0000 0.1692 0.0883 0.3372 0.0666 0.1283
0.8834 0.1701 0.1778 0.0523 0.1550 0.1316 0.8010 0.1533 0.1174 0.7957 0.1044 0.1521
0.5637 0.3419 0.3662 0.1172 0.0932 0.1590 0.9283 0.1563 0.1067 0.4712 0.1325 0.1460
0.3439 0.2844 1.0000 0.1054 0.0991 0.0751 0.1827 0.0741 0.0711 0.4164 0.0842 0.1661
0.5938 0.1708 0.9803 0.0740 0.1576 0.0650 0.1137 0.1396 0.0832 0.5204 0.0740 0.1448
0.5958 0.2886 0.4071 0.1304 0.1907 0.3056 0.6568 0.3973 0.1378 0.6982 0.1137 0.1421
0.2833 0.1823 0.2661 0.1005 0.0890 0.2590 0.9577 0.2305 0.1136 0.2552 0.1331 0.1514
0.1836 0.1968 0.8256 0.1228 0.0895 0.3192 0.3207 0.1008 0.0855 0.3188 0.8961 0.1767
0.1097 0.2348 0.9991 0.1241 0.0722 0.1284 0.0878 0.0517 0.0575 0.2141 0.5408 0.1455
0.2521 0.1479 0.9965 0.0721 0.0838 0.0663 0.0885 0.1144 0.0899 0.3660 0.1661 0.1409
0.6829 0.2267 0.6141 0.3681 0.2086 0.0951 0.0846 0.2142 0.1612 0.9908 0.1873 0.1558
0.2855 0.1244 0.2430 0.9904 0.1523 0.0734 0.0689 0.1096 0.0797 0.3393 0.2331 0.1828
0.1171 0.0874 0.2705 0.8525 0.1128 0.1641 0.1693 0.7303 0.1019 0.2152 0.5869 0.2510
0.1353 0.1249 0.2179 0.1856 0.0770 0.2270 0.2140 0.6738 0.1767 0.3322 0.9872 0.3418
0.1571 0.1238 0.1867 0.0993 0.0821 0.2693 0.2301 0.4173 0.2097 0.3967 0.9684 0.4066
0.1351 0.2833 0.2904 0.1799 0.1338 0.1922 0.6376 0.4795 0.2004 0.7820 0.7429 0.2898
0.2854 0.3068 0.5295 0.9691 0.1822 0.1700 0.1532 0.2627 0.1296 0.4098 0.2883 0.2948
0.1336 0.1165 0.1530 1.0000 0.0838 0.0780 0.1204 0.3941 0.0839 0.2211 0.2522 0.2181
0.1814 0.2207 0.2640 0.7443 0.1774 0.1107 0.9237 0.2988 0.1409 0.5187 0.1950 0.1444
0.6392 0.1534 0.2418 0.4651 0.1644 0.1342 0.2731 0.3141 0.2369 0.9218 0.5575 0.3256
0.1701 0.1363 0.2194 0.2421 0.0655 0.1351 0.1575 0.5881 0.1784 0.3231 1.0000 0.2879
0.2251 0.1893 0.2327 0.3718 0.1156 0.2129 0.1444 0.4178 0.1737 0.3286 1.0000 0.4002
0.6115 0.7307 0.8850 0.4174 0.1468 0.2694 0.2455 0.3834 0.2203 0.4120 0.5600 0.4924
0.1370 0.3877 1.0000 0.2444 0.0644 0.1145 0.2208 0.0969 0.0904 0.2440 0.1034 0.1489
0.2005 0.4860 0.9753 0.4135 0.3100 0.1815 0.1707 0.1430 0.1347 0.2355 0.1451 0.2474
0.1648 0.2552 0.3639 0.3403 0.6394 0.4424 0.6387 0.2572 0.1555 0.0995 0.1289 0.4084
0.0712 0.0937 0.1282 0.0838 0.1061 0.2865 0.7131 0.7435 0.2612 0.1570 0.1043 0.1440
0.0721 0.1088 0.2100 0.0779 0.0751 0.2025 0.5689 0.9307 0.3124 0.1261 0.2133 0.1567
0.0735 0.1337 0.1900 0.1016 0.1685 0.3439 0.8847 0.8842 0.3973 0.4693 0.2885 0.1783
0.3879 0.3318 0.3520 0.1425 0.1222 0.2845 0.6333 0.9748 0.4590 0.3967 0.4004 0.4613
0.8632 0.5116 0.7132 0.4490 0.1883 0.2479 0.4380 0.7449 0.2349 0.3811 0.5618 0.8326
0.3147 0.3587 0.9359 0.3440 0.1930 0.2541 0.6616 0.4810 0.1911 0.4129 0.2122 0.2932
0.0849 0.1491 0.6370 0.1206 0.0889 0.2103 0.3639 1.0000 0.1615 0.2861 0.4143 0.1746
0.1097 0.1618 0.9329 0.1751 0.1192 0.1799 0.3303 0.9396 0.1373 0.2063 0.3316 0.2050
0.2505 0.2714 1.0000 0.2645 0.1860 0.3157 0.3673 0.6633 0.2322 0.2766 0.3168 0.3397
