57 12 43
0.5732 0.5660 0.5449 0.5719 0.6496 0.4749 0.4077 0.4395 0.6467 1.0000 0.7405 0.6474
0.3598 0.3765 0.3593 0.3531 0.5808 0.4807 0.4181 0.5108 0.7403 0.8666 0.6007 0.4597
0.1391 0.1403 0.1995 0.1173 0.1558 0.1830 0.4245 0.9889 0.5367 0.4501 0.2381 0.1733
0.2901 0.3388 0.2826 0.3037 0.3678 0.3956 0.3819 0.4212 0.5723 0.9980 0.6231 0.3778
0.8647 1.0000 0.7889 0.8709 0.6354 0.6852 0.6053 0.6076 0.8965 0.9112 0.8120 0.8211
0.6874 0.5851 0.4705 0.4946 0.4578 0.3796 0.3478 0.3678 0.5975 0.9821 0.5743 0.5379
0.7253 0.7216 0.5354 0.2425 0.3320 0.1999 0.1933 0.2114 0.2228 0.1878 0.1492 0.3111
0.1764 0.3623 0.8480 0.1684 0.2528 0.2031 0.5301 0.3057 0.1868 0.3001 0.1812 0.1557
0.1603 0.2779 0.2049 0.1549 0.2061 0.2086 1.0000 0.3641 0.1632 0.1829 0.2252 0.1461
0.3758 0.3455 0.4408 0.3796 0.4344 0.5593 0.5989 0.9577 0.6515 0.3512 0.3847 0.3332
0.1948 0.2453 0.2054 0.2106 0.3570 0.5392 0.9991 0.6394 0.3784 0.1936 0.1862 0.1814
0.2594 0.2416 0.3403 0.2163 0.1966 0.3109 0.5174 0.9957 0.6686 0.2835 0.2556 0.2618
0.9943 0.9848 0.9653 0.8801 0.7609 0.6087 0.6190 0.7261 0.8556 0.9510 0.9750 0.9667
0.3920 0.4599 0.5038 0.3835 0.3952 0.3862 0.6057 0.9814 0.5075 0.4563 0.4402 0.4263
0.2436 0.2384 0.3976 0.2336 0.2014 0.2564 0.4527 1.0000 0.3985 0.3364 0.2843 0.2463
0.2677 0.3302 0.3337 0.2950 0.2599 0.4280 0.6478 0.9323 0.4616 0.3736 0.2294 0.2179
0.6720 0.6087 0.5177 0.5220 0.5525 0.5670 0.5805 0.5242 0.8285 0.9796 0.7606 0.6492
0.4810 0.4621 0.3944 0.2996 0.5522 0.4183 0.4094 0.5406 0.8247 0.9539 0.5335 0.4533
0.1578 0.1832 0.2118 0.1693 0.2108 0.2280 0.4765 0.9929 0.7482 0.4015 0.2500 0.1950
0.3460 0.3908 0.3323 0.3701 0.4900 0.3483 0.2980 0.4018 0.5600 1.0000 0.6959 0.3852
0.8866 1.0000 0.8157 0.8614 0.6276 0.6591 0.5996 0.6394 0.8958 0.8870 0.8137 0.8283
0.7331 0.6087 0.4976 0.4424 0.4133 0.3322 0.3522 0.4762 0.6657 0.9401 0.6259 0.5879
0.7157 0.7671 0.4824 0.2023 0.1788 0.1384 0.1826 0.2718 0.2978 0.1625 0.1515 0.2722
0.2441 0.3487 0.9072 0.1359 0.1296 0.1793 0.4284 0.2482 0.1383 0.1869 0.1239 0.1208
0.2282 0.3158 0.2538 0.1786 0.2099 0.1874 0.9635 0.4444 0.2199 0.1657 0.2617 0.2097
0.3528 0.3611 0.4073 0.2891 0.2286 0.2510 0.5835 0.9672 0.5365 0.2887 0.3249 0.3464
0.2118 0.2356 0.1357 0.1520 0.2062 0.4635 1.0000 0.7162 0.4036 0.2451 0.2090 0.1930
0.2707 0.2550 0.3714 0.2310 0.1972 0.2863 0.6029 0.9973 0.5802 0.2567 0.2664 0.2765
0.6978 0.7416 0.7956 0.7582 0.6487 0.5809 0.4777 0.7717 0.6150 0.9587 0.8409 0.7225
0.2884 0.4152 0.7454 0.2321 0.2108 0.2649 0.2638 0.2493 0.2376 0.4242 0.6968 0.4139
0.2795 0.3579 0.5237 0.3657 0.6666 0.3388 0.3382 0.7111 0.4759 0.4680 0.3472 0.3818
0.1632 0.1906 0.2130 0.2570 0.8194 0.3530 0.3203 0.7148 0.5954 0.5688 0.2611 0.2042
0.2356 0.2355 0.3034 0.2361 0.2991 0.2044 0.2692 0.9764 0.3067 0.4111 0.2564 0.2421
0.4146 0.3575 0.3455 0.2716 0.2737 0.2432 0.3051 0.3804 0.4024 0.9735 0.6488 0.4797
0.1556 0.1289 0.1935 0.1205 0.1618 0.2070 0.4185 1.0000 0.4844 0.3598 0.2720 0.1869
0.2413 0.2989 0.2247 0.2698 0.4729 0.4080 0.4117 0.5256 0.7698 0.9983 0.4904 0.2868
0.8617 0.9958 0.7978 0.8572 0.6439 0.6658 0.6167 0.5910 0.9396 0.9159 0.7972 0.8307
0.6919 0.5617 0.4384 0.4243 0.5463 0.3213 0.3415 0.3328 0.5822 0.9409 0.4750 0.5698
0.5468 0.8530 0.4793 0.2864 0.2415 0.1951 0.2098 0.2683 0.2895 0.2831 0.2016 0.2837
0.1486 0.2869 0.9063 0.1634 0.1297 0.1475 0.4613 0.2360 0.1325 0.2094 0.1193 0.1244
0.2157 0.3548 0.3202 0.2312 0.1993 0.1794 0.9565 0.4597 0.2225 0.2056 0.2867 0.2505
0.3286 0.3678 0.4226 0.3193 0.2359 0.3265 0.5663 0.9839 0.5660 0.3965 0.3319 0.3322
0.1711 0.2500 0.1240 0.1222 0.1742 0.4577 1.0000 0.6247 0.3276 0.2225 0.1677 0.1234
0.2886 0.3162 0.3964 0.2559 0.2483 0.3580 0.5501 0.9921 0.5695 0.3567 0.3188 0.2648
0.9941 0.9578 0.9488 0.8662 0.7615 0.5868 0.6078 0.7230 0.8262 0.9480 0.9577 0.9627
0.3881 0.3572 0.4424 0.3363 0.3445 0.3483 0.4472 0.9875 0.5436 0.4569 0.4188 0.3834
0.2187 0.2193 0.2613 0.1817 0.2029 0.2371 0.3642 1.0000 0.3648 0.3091 0.2270 0.2039
0.1997 0.2256 0.4094 0.3930 0.3299 0.3603 0.5839 0.7234 0.3663 0.2511 0.1870 0.1921
0.5883 0.6779 0.9480 0.7082 0.5256 0.5062 0.4048 0.5345 0.6121 0.5309 0.4321 0.5412
0.5776 0.5614 0.5142 0.4413 0.4774 0.3647 0.4708 0.6230 0.8346 0.9221 0.7462 0.7901
0.1558 0.2192 0.2708 0.2224 0.2007 0.2184 0.3763 0.9973 0.6972 0.4214 0.3021 0.2201
0.2924 0.3401 0.2399 0.2610 0.3004 0.3014 0.2905 0.3978 0.5499 1.0000 0.6214 0.3470
0.8938 0.9978 0.8052 0.8379 0.6173 0.6459 0.5970 0.6444 0.9022 0.9052 0.8111 0.8262
0.7143 0.6154 0.5445 0.4765 0.4305 0.3505 0.3504 0.4651 0.6879 0.9788 0.7088 0.6423
0.6541 0.8243 0.4054 0.2401 0.1930 0.2066 0.1472 0.2124 0.2628 0.2383 0.2417 0.4498
0.2211 0.2708 1.0000 0.1672 0.1209 0.1534 0.2732 0.1758 0.1617 0.2934 0.1131 0.1063
0.1696 0.3317 0.2315 0.1014 0.1431 0.1885 1.0000 0.2604 0.1583 0.1209 0.1784 0.1155
