248 12 186
0.7275 0.8434 0.9483 1.0000 0.9438 0.8458 0.7718 0.7964 0.7494 0.5916 0.5226 0.4039
0.4345 0.4313 0.6242 0.5175 0.5132 0.7408 0.4484 0.3684 0.4273 0.3557 0.9907 0.2220
0.3716 0.4043 0.5523 0.5317 0.4591 0.7632 0.4053 0.3952 0.3921 0.3725 0.9905 0.2204
0.4197 0.5334 0.6695 0.5578 0.6288 0.8137 0.5405 0.4910 0.4670 0.5906 0.9603 0.2397
0.3805 0.4015 0.5253 0.4930 0.4724 0.8715 0.3903 0.3697 0.3766 0.3108 0.9907 0.2435
0.4460 0.5038 0.7274 0.6078 0.5324 0.6942 0.4107 0.4894 0.4049 0.5030 0.8210 0.3202
0.6397 0.4590 0.6847 0.9094 0.4827 0.4873 0.4381 0.4356 0.4092 0.3507 0.4982 0.3498
0.5044 0.4901 0.6873 1.0000 0.4696 0.5242 0.4038 0.3876 0.3592 0.3016 0.3873 0.2452
0.3901 0.5051 0.6771 1.0000 0.5965 0.5689 0.4147 0.4375 0.4771 0.3918 0.5289 0.2109
0.4027 0.4235 0.5470 1.0000 0.4558 0.4317 0.3574 0.3429 0.3662 0.2378 0.5275 0.2199
0.6214 0.5183 0.6622 0.8732 0.6685 0.8178 0.5973 0.6225 0.5321 0.3642 0.4806 0.3552
0.4377 0.4399 0.4946 0.5827 0.5502 0.7551 0.5636 0.5561 0.4244 0.3891 0.8497 0.2765
0.4074 0.3629 0.5278 0.4971 0.4279 0.8758 0.3466 0.3641 0.3368 0.3908 0.9906 0.2573
0.5881 0.5640 0.7620 0.6886 0.7133 0.9499 0.4410 0.4206 0.4891 0.5466 0.7714 0.2959
0.4377 0.4161 0.5333 0.5149 0.4797 0.8015 0.4236 0.3544 0.4484 0.3750 0.9788 0.2175
0.4133 0.4621 0.5984 0.5381 0.5140 0.7212 0.3456 0.4376 0.4224 0.5006 1.0000 0.2769
0.6111 0.4571 0.5941 0.9180 0.4797 0.5317 0.4207 0.4396 0.4348 0.3535 0.4939 0.3046
0.4429 0.3993 0.5834 1.0000 0.3841 0.5028 0.3529 0.3477 0.3404 0.2447 0.4342 0.2191
0.5427 0.5786 0.7509 1.0000 0.6322 0.7004 0.5439 0.5743 0.5642 0.4365 0.5527 0.2674
0.4374 0.4301 0.5457 1.0000 0.4392 0.5131 0.3997 0.3732 0.3687 0.2495 0.4744 0.2695
0.5973 0.5345 0.6737 0.9549 0.5365 0.6940 0.4438 0.4260 0.4409 0.3523 0.5991 0.3277
0.5626 0.6212 0.5349 0.6054 0.5453 0.7972 0.3843 0.3562 0.3551 0.4045 0.6772 0.3383
0.3390 0.3456 0.4604 0.5230 0.4856 0.8936 0.2977 0.2619 0.2463 0.2346 0.6874 0.1700
0.3072 0.3739 0.4082 0.3921 0.3666 0.8558 0.3475 0.3191 0.2764 0.2301 0.6862 0.1803
0.2908 0.3474 0.4399 0.4841 0.5296 0.8846 0.5226 0.5293 0.3240 0.2600 0.7130 0.1738
0.2955 0.3445 0.6660 0.4859 0.4454 0.7362 0.3307 0.2888 0.2956 0.2673 0.5013 0.1696
0.6615 0.4404 0.5192 0.5336 0.5403 0.6523 0.3986 0.4756 0.4051 0.3563 0.7022 0.3216
1.0000 0.3636 0.3563 0.3741 0.3102 0.3132 0.2775 0.3311 0.2759 0.2356 0.4469 0.2937
0.3950 0.3783 0.5181 0.4565 0.3596 0.4348 0.3411 0.3372 0.3253 0.4247 0.9625 0.3470
0.4433 0.3460 0.4348 0.6391 0.4128 0.6514 0.2650 0.2641 0.2703 0.2424 0.4918 0.1776
0.3770 0.4789 0.5896 0.5770 0.5833 0.9585 0.5226 0.4075 0.3939 0.3833 0.4632 0.1653
0.4585 0.4530 0.6624 0.6345 0.4575 0.6975 0.5418 0.5874 0.4435 0.3936 0.7006 0.2853
0.4334 0.4259 0.5503 0.5709 0.4652 0.6342 0.4243 0.3804 0.4374 0.5160 0.9545 0.2575
0.4884 0.5097 0.7641 0.5759 0.5349 0.8616 0.4786 0.4542 0.4422 0.4725 0.9029 0.3441
0.2511 0.3399 0.5166 0.4913 0.4827 0.6475 0.4510 0.3812 0.3811 0.3788 0.9989 0.2073
0.3239 0.3671 0.6316 0.6396 0.4732 0.6004 0.4190 0.4529 0.3678 0.4110 0.9802 0.2889
0.8996 0.5692 0.6971 0.7902 0.6645 0.6568 0.5007 0.5532 0.5188 0.4750 0.5785 0.4390
0.3404 0.2901 0.3862 1.0000 0.3748 0.3854 0.3149 0.3027 0.3048 0.2295 0.3765 0.1841
0.4799 0.3997 0.5269 1.0000 0.5442 0.4947 0.3803 0.4144 0.3716 0.3033 0.4373 0.2205
0.3507 0.3294 0.3993 1.0000 0.4731 0.4216 0.3422 0.3729 0.3486 0.2401 0.3958 0.1884
0.3398 0.3229 0.4830 1.0000 0.4414 0.3594 0.2923 0.3333 0.2714 0.3037 0.4132 0.1421
0.4306 0.4929 0.5845 0.8692 0.6861 0.8133 0.4684 0.5028 0.4892 0.4174 0.5902 0.2783
0.3945 0.5032 0.5929 0.5286 0.5437 0.6501 0.5231 0.4972 0.5131 0.5561 0.8107 0.2869
0.3588 0.2864 0.3067 0.3545 0.4395 0.9571 0.3827 0.2846 0.2734 0.2633 0.8166 0.1474
0.2464 0.2754 0.3743 0.3369 0.4983 0.9191 0.3247 0.2613 0.2504 0.1990 0.8719 0.1360
0.3572 0.3326 0.4082 0.3841 0.4111 0.9439 0.4607 0.3944 0.2884 0.2050 0.6367 0.1768
0.4611 0.5127 0.8127 0.6743 0.6682 0.7575 0.4328 0.4148 0.3939 0.3386 0.7195 0.2857
0.8045 0.5773 0.6941 0.5737 0.5291 0.6760 0.4132 0.4704 0.4320 0.4046 0.8254 0.3639
0.8890 0.4786 0.5107 0.6555 0.4519 0.4800 0.3580 0.4270 0.3784 0.3000 0.7777 0.4155
0.3998 0.3087 0.3798 0.4185 0.2973 0.3757 0.2715 0.2817 0.2652 0.2448 0.8854 0.3886
0.5506 0.5199 0.8200 0.6660 0.5299 0.5064 0.3999 0.4096 0.4087 0.4324 0.5924 0.3402
0.3098 0.2680 0.3556 0.5796 0.4060 1.0000 0.3080 0.2819 0.3090 0.2709 0.3757 0.1328
0.4821 0.4180 0.7690 0.6679 0.4919 0.8701 0.5155 0.4182 0.3141 0.2904 0.4157 0.1830
0.3599 0.3434 0.4532 0.4417 0.4208 0.6073 0.4772 0.4155 0.4310 0.4766 0.9641 0.3270
0.3370 0.3635 0.4983 0.4939 0.3944 0.6183 0.3714 0.3694 0.3572 0.3600 0.9872 0.2786
0.5928 0.6062 0.8440 0.6868 0.7035 0.8909 0.5121 0.5582 0.5207 0.6196 0.7896 0.4446
0.3653 0.3259 0.4394 0.4057 0.3776 0.5857 0.3631 0.2959 0.3117 0.2599 1.0000 0.2296
0.4159 0.4900 0.6649 0.5467 0.4588 0.6211 0.3747 0.3546 0.3824 0.3237 0.9446 0.4047
0.7105 0.5193 0.7761 0.8900 0.5082 0.5712 0.4007 0.4588 0.4539 0.3368 0.6969 0.4079
0.4044 0.3607 0.4676 1.0000 0.3729 0.4172 0.3174 0.3579 0.2883 0.2523 0.4079 0.1940
0.3781 0.5654 0.8311 0.9591 0.5981 0.6992 0.5416 0.6167 0.5596 0.5226 0.7084 0.2830
0.3680 0.4355 0.5236 1.0000 0.4965 0.4888 0.3181 0.3642 0.3477 0.2848 0.3551 0.2362
0.6128 0.4805 0.6056 0.9445 0.6025 0.5936 0.3752 0.4039 0.4326 0.3534 0.6574 0.3215
0.5764 0.5577 0.5833 0.8926 0.6495 0.6349 0.5078 0.5469 0.6404 0.4914 0.7857 0.4714
0.2439 0.2714 0.3934 0.9702 0.3209 0.4061 0.4326 0.8228 0.2566 0.1932 0.3443 0.1605
0.3813 0.3485 0.4425 0.6683 0.4621 0.5818 0.4735 0.7267 0.3816 0.2950 0.8014 0.2039
0.3787 0.2719 0.3226 0.6859 0.4268 0.9376 0.4291 0.4713 0.3585 0.3717 0.6063 0.1504
0.3655 0.3715 0.5207 1.0000 0.4439 0.4403 0.3045 0.3404 0.3107 0.2241 0.4374 0.2158
0.4279 0.5040 0.5665 0.8936 0.5752 0.6225 0.4886 0.5394 0.5744 0.4550 0.4082 0.2752
0.7758 0.3172 0.3897 0.3053 0.3613 0.6108 0.3084 0.4210 0.2458 0.3123 0.9904 0.2801
0.6673 0.3334 0.4216 0.3716 0.4076 0.8614 0.3519 0.3300 0.2890 0.2862 0.7144 0.3359
0.5018 0.4194 0.6304 0.3951 0.4383 0.8180 0.3652 0.4474 0.3390 0.3796 0.5663 0.3382
0.1933 0.2703 0.3392 0.3383 0.3506 0.9955 0.2909 0.2715 0.2326 0.2601 0.8436 0.0978
0.4765 0.4445 0.5870 0.4772 0.4655 1.0000 0.3401 0.3429 0.3271 0.3021 0.3441 0.2440
0.3509 0.4213 0.5163 0.9681 0.4637 0.6081 0.4620 0.6717 0.4139 0.2620 0.3755 0.2126
0.2806 0.3243 0.4488 0.8100 0.3571 0.3145 0.3277 0.9192 0.3116 0.2871 0.5721 0.1924
0.2587 0.3172 0.3834 0.5364 0.3752 0.5850 0.3641 0.3834 0.3215 0.3747 0.9293 0.1257
0.5083 0.5034 0.6791 0.9686 0.2926 0.3015 0.2368 0.3604 0.2584 0.2383 0.3296 0.1929
0.7251 0.4712 0.7884 0.7318 0.4022 0.4149 0.3306 0.3356 0.3229 0.2817 0.4406 0.2784
0.9551 0.5035 0.5457 0.6831 0.5003 0.6623 0.5040 0.4883 0.5328 0.3930 0.4557 0.4005
1.0000 0.2572 0.2827 0.3398 0.3194 0.6879 0.2882 0.2981 0.2478 0.2823 0.1470 0.2266
1.0000 0.2268 0.2698 0.3164 0.3160 0.4074 0.2385 0.3316 0.2701 0.2986 0.4536 0.3119
0.4697 0.3699 0.5090 0.3303 0.3823 0.7347 0.2842 0.2920 0.2500 0.2399 0.1525 0.1491
0.4417 0.3173 0.3238 0.4107 0.4702 0.9956 0.3186 0.2983 0.2881 0.3533 0.1401 0.2148
0.4683 0.3486 0.5610 0.6512 0.5904 0.9393 0.4926 0.5370 0.4207 0.3571 0.2753 0.2171
0.2768 0.2744 0.4810 0.2967 0.3367 0.7751 0.4647 0.7474 0.2892 0.2499 0.7452 0.1801
0.5448 0.5441 0.6443 0.6114 0.6089 0.8662 0.5332 0.6889 0.4957 0.4254 0.6805 0.3060
0.4114 0.3492 0.3848 0.4386 0.4872 0.9560 0.4037 0.3256 0.2959 0.3896 0.7210 0.2371
0.3722 0.2732 0.4318 0.3040 0.3462 0.6166 0.2994 0.3014 0.2883 0.2759 0.9540 0.1869
0.6728 0.4000 0.6847 0.2603 0.2428 0.3016 0.1917 0.2418 0.2077 0.2440 0.3384 0.1867
0.7655 0.5872 0.5170 0.7842 0.4129 0.4370 0.3875 0.5313 0.3719 0.3190 0.6164 0.3481
0.2104 0.2277 0.3007 0.4714 0.2334 0.2762 0.2011 0.2730 0.2053 0.2437 1.0000 0.1426
0.3039 0.3103 0.5337 0.6160 0.3320 0.3562 0.2876 0.3949 0.3013 0.3235 0.9528 0.3001
0.2267 0.2625 0.3228 0.7339 0.2620 0.3122 0.2384 0.2928 0.2282 0.2567 0.9548 0.1999
0.3364 0.3643 0.4764 0.6704 0.4080 0.5908 0.3516 0.3346 0.3484 0.3364 0.9745 0.1829
0.5377 0.4444 0.4527 0.6687 0.5199 0.8103 0.3885 0.3942 0.4506 0.5850 0.7850 0.3464
0.8202 0.3895 0.2820 0.3198 0.3215 0.8965 0.2665 0.3024 0.2386 0.3130 0.1601 0.2271
0.9958 0.2543 0.2610 0.3527 0.2911 0.8845 0.2455 0.2742 0.2263 0.2918 0.1079 0.1837
0.9801 0.3672 0.3328 0.3681 0.3281 0.3931 0.2594 0.3958 0.2857 0.2757 0.1821 0.2457
0.8587 0.3639 0.8393 0.4043 0.3166 0.3818 0.2462 0.2912 0.2341 0.3010 0.1275 0.1386
0.9372 0.4887 0.5961 0.4410 0.3889 0.6455 0.3417 0.3767 0.3414 0.3653 0.1764 0.2420
0.4877 0.2392 0.2733 0.3267 0.2748 1.0000 0.2236 0.2565 0.2282 0.2404 0.0936 0.1133
0.6928 0.1834 0.0925 0.0898 0.0930 0.8703 0.0708 0.1234 0.0463 0.0811 0.0619 0.2007
0.5640 0.4865 0.5778 0.5027 0.4035 0.9102 0.3188 0.3260 0.2905 0.2601 0.2765 0.3692
0.2892 0.3053 0.3834 0.3366 0.3494 0.6011 0.2984 0.3026 0.2962 0.2967 0.9846 0.2618
0.2164 0.2991 0.4465 0.3564 0.2975 0.3271 0.2277 0.2596 0.2160 0.3760 1.0000 0.2268
0.3031 0.4279 0.5514 0.4474 0.4961 0.7862 0.4832 0.4161 0.3686 0.4609 0.9539 0.2245
0.3708 0.3791 0.5600 0.5540 0.4827 0.7480 0.3963 0.4073 0.4257 0.4564 1.0000 0.2699
0.6890 0.5521 0.9251 0.6392 0.5535 0.7310 0.4582 0.4323 0.4512 0.4373 0.6221 0.2824
0.3812 0.3979 0.6207 0.9993 0.4705 0.4724 0.3351 0.3634 0.3545 0.2536 0.4938 0.2209
0.7013 0.4860 0.6377 0.9742 0.4477 0.5640 0.4179 0.3745 0.3639 0.2962 0.5798 0.2874
0.5103 0.4463 0.8878 0.9279 0.5704 0.5636 0.4673 0.4873 0.4304 0.3778 0.6703 0.2895
0.3822 0.3369 0.5265 0.9831 0.3347 0.3297 0.2682 0.2978 0.3072 0.2068 0.3104 0.2078
0.6396 0.4740 0.9083 0.7150 0.4564 0.5423 0.4444 0.4943 0.3760 0.3182 0.5127 0.3263
0.3998 0.4457 0.6400 0.5532 0.5048 0.8097 0.5158 0.5121 0.4244 0.3722 0.9135 0.2851
0.4573 0.4418 0.6708 0.6572 0.5164 0.8132 0.5322 0.5268 0.3931 0.3501 0.9408 0.3490
0.4353 0.5085 0.7653 0.5914 0.5947 0.9394 0.5981 0.4863 0.4567 0.4465 0.8198 0.2713
0.3982 0.3756 0.5186 0.4947 0.4729 0.9060 0.5105 0.3816 0.4038 0.3421 0.9708 0.1979
0.3553 0.4135 0.5786 0.5667 0.5072 0.7953 0.4639 0.5314 0.4030 0.4501 0.7594 0.2397
0.5654 0.5451 0.8415 0.8564 0.6025 0.6921 0.5725 0.5930 0.4742 0.4354 0.5476 0.3994
0.5287 0.4489 0.6589 0.9997 0.5535 0.5551 0.4241 0.3892 0.3860 0.2833 0.6259 0.2275
0.5266 0.4892 0.8570 0.8399 0.5595 0.9449 0.5178 0.5096 0.4811 0.3653 0.6052 0.2805
0.3512 0.3830 0.7104 0.9575 0.4783 0.6223 0.3725 0.4917 0.3561 0.2798 0.5330 0.2089
0.7717 0.6519 0.8146 0.9808 0.6546 0.8575 0.6200 0.5725 0.5351 0.3988 0.7853 0.4896
0.6026 0.6302 0.8836 0.9190 0.7628 0.8546 0.7559 0.7219 0.5845 0.4609 0.5470 0.3653
0.3918 0.4014 0.5511 0.3968 0.5187 0.6042 0.4188 0.3993 0.3564 0.3404 0.9899 0.2634
0.2387 0.2669 0.4009 0.3275 0.4530 0.9665 0.3395 0.2831 0.2780 0.2766 0.5145 0.1016
0.3010 0.3420 0.3992 0.4281 0.4881 0.8721 0.5128 0.5711 0.3421 0.2651 0.5364 0.1600
0.4353 0.3576 0.3848 0.4134 0.4704 0.9887 0.4707 0.3649 0.3127 0.2862 0.5320 0.2234
0.3725 0.3609 0.4559 0.4594 0.5223 0.6322 0.3344 0.3473 0.3814 0.3109 0.9028 0.2408
0.8245 0.5358 0.5504 0.6854 0.4530 0.5132 0.4044 0.5066 0.4803 0.5001 0.8527 0.4802
0.6287 0.4624 0.5120 0.5515 0.4121 0.4872 0.3373 0.3666 0.3849 0.4013 0.8637 0.4318
0.5414 0.5020 0.5519 0.5709 0.4489 0.4537 0.3539 0.4096 0.4593 0.4802 0.8170 0.3249
0.4071 0.4310 0.6353 0.5333 0.5157 0.7837 0.4776 0.3623 0.3746 0.3702 0.6404 0.2189
0.7170 0.4748 0.5261 0.6813 0.6069 0.9899 0.5396 0.4948 0.4386 0.3250 0.4861 0.3059
0.4301 0.4173 0.5364 0.5165 0.5513 0.6501 0.5605 0.5551 0.5688 0.5029 0.9167 0.2727
0.5599 0.5158 0.6501 0.6528 0.5677 0.7155 0.5579 0.5023 0.5188 0.5224 0.9634 0.3609
0.4284 0.5135 0.7274 0.6535 0.6623 0.9334 0.5115 0.4773 0.4512 0.4102 0.7169 0.3945
0.2891 0.3198 0.4256 0.4536 0.4635 0.5687 0.3594 0.3376 0.3220 0.3162 1.0000 0.1590
0.4479 0.5094 0.6699 0.5936 0.5586 0.9455 0.5003 0.4651 0.5274 0.5133 0.8744 0.3644
0.5166 0.4771 0.6446 0.8818 0.4766 0.4673 0.4011 0.4334 0.4004 0.3476 0.6505 0.3125
0.4087 0.3650 0.5235 0.9927 0.4387 0.4236 0.3305 0.3769 0.3007 0.2576 0.6200 0.2314
0.4851 0.4730 0.7841 0.9517 0.6599 0.5876 0.4897 0.5594 0.5159 0.5088 0.7792 0.2411
0.3829 0.3446 0.3938 0.9952 0.3796 0.3609 0.3139 0.2941 0.2671 0.2149 0.4337 0.2056
0.5445 0.5150 0.6412 0.8967 0.6396 0.6766 0.5267 0.5330 0.4908 0.3840 0.6380 0.3432
0.3892 0.4485 0.5525 0.5053 0.4880 0.8715 0.5090 0.4223 0.3880 0.3364 0.7515 0.2915
0.3484 0.2598 0.3245 0.3143 0.3663 0.9892 0.2563 0.2361 0.2186 0.2149 0.7480 0.1521
0.2808 0.2628 0.3561 0.3367 0.3761 0.9522 0.2613 0.2234 0.2168 0.1859 0.8316 0.1283
0.2526 0.2450 0.3741 0.3072 0.3497 0.9436 0.3745 0.3428 0.2476 0.2401 0.8413 0.1298
0.3343 0.3030 0.5204 0.4774 0.4856 0.8694 0.3885 0.3581 0.3531 0.3651 0.6341 0.2033
0.9289 0.5557 0.5598 0.4502 0.4003 0.4239 0.2982 0.4209 0.3620 0.2761 0.7804 0.3368
0.9300 0.5532 0.5314 0.5629 0.4236 0.4777 0.3899 0.4184 0.3470 0.2810 0.6999 0.4851
0.3422 0.2930 0.4622 0.3829 0.3190 0.3513 0.2793 0.2930 0.2683 0.3568 0.9621 0.3539
0.4027 0.5212 0.7445 0.6063 0.5440 0.5829 0.4768 0.4646 0.4749 0.4787 0.8352 0.3017
0.4291 0.3992 0.4671 0.6996 0.6411 0.9627 0.5168 0.3812 0.4136 0.3160 0.5134 0.2146
0.5796 0.5776 0.6068 0.7812 0.6228 0.8886 0.5644 0.4481 0.4465 0.4628 0.6546 0.4230
0.4104 0.3934 0.4828 0.4726 0.4880 0.7076 0.4679 0.5043 0.5448 0.6771 0.9744 0.2750
0.5692 0.5494 0.7351 0.6519 0.5884 0.7383 0.5451 0.4670 0.5087 0.4929 0.9777 0.4555
0.3733 0.4460 0.5778 0.5273 0.5534 0.8278 0.4927 0.4765 0.4311 0.5026 0.9950 0.2556
0.2198 0.2562 0.3496 0.3993 0.3092 0.5146 0.2986 0.2677 0.2682 0.2788 1.0000 0.1361
0.7417 0.5691 0.6752 0.6646 0.6025 0.7442 0.4559 0.5048 0.5043 0.4756 0.8523 0.3885
0.5098 0.4723 0.5591 0.9934 0.4434 0.4635 0.4024 0.3676 0.3377 0.2334 0.6385 0.2726
0.5437 0.5032 0.6787 0.9793 0.4123 0.4965 0.3517 0.3341 0.3438 0.2804 0.5488 0.2291
0.5469 0.5854 0.7634 0.9489 0.6268 0.5873 0.4559 0.4684 0.4411 0.3351 0.5501 0.2878
0.2863 0.3141 0.3693 1.0000 0.3983 0.4017 0.3240 0.3026 0.2835 0.2030 0.4475 0.1689
0.6281 0.5427 0.5768 0.8173 0.5795 0.5999 0.4380 0.5001 0.5614 0.4533 0.7886 0.4299
0.7362 0.5554 0.6128 0.5995 0.4544 0.5435 0.4857 0.5134 0.4925 0.3399 0.7094 0.4208
0.1813 0.2335 0.3852 0.9904 0.2947 0.3190 0.3591 0.8252 0.2776 0.2150 0.4835 0.1155
0.2409 0.2587 0.3261 0.6008 0.2898 0.5942 0.3961 0.4637 0.2422 0.3039 0.9643 0.1583
0.5972 0.3844 0.4755 0.8860 0.4124 0.9700 0.3592 0.3938 0.2942 0.3758 0.7756 0.2277
0.3006 0.3632 0.4511 1.0000 0.4830 0.4274 0.3329 0.3775 0.2944 0.2145 0.3710 0.1439
0.5400 0.5313 0.5452 0.7233 0.6407 0.7849 0.5445 0.5529 0.6239 0.5082 0.5680 0.2854
0.7138 0.2638 0.3282 0.2861 0.3427 0.5915 0.3118 0.3942 0.2648 0.3408 0.9933 0.2460
0.4242 0.2733 0.3149 0.2921 0.3518 1.0000 0.3229 0.3230 0.3054 0.3347 0.4341 0.3392
0.4636 0.4502 0.6489 0.4652 0.5524 0.8551 0.4346 0.5098 0.3838 0.3474 0.6026 0.2516
0.2506 0.2402 0.2893 0.2655 0.3157 1.0000 0.2831 0.2503 0.2128 0.2120 0.5508 0.1571
0.4545 0.4423 0.6068 0.5075 0.4903 0.9846 0.4095 0.3609 0.3636 0.2958 0.3192 0.2703
0.2117 0.2780 0.4862 0.9890 0.2492 0.3776 0.3393 0.6135 0.2018 0.1783 0.3933 0.1487
0.2914 0.3183 0.5587 0.8212 0.3504 0.3055 0.2860 0.6810 0.2782 0.3480 0.7956 0.2501
0.4457 0.4321 0.4697 0.5581 0.4036 0.5770 0.3321 0.3884 0.3281 0.3949 0.8658 0.2582
0.5131 0.4501 0.7197 0.9039 0.3251 0.3216 0.2736 0.3410 0.2515 0.2830 0.7984 0.2405
0.7725 0.4368 0.6137 0.5436 0.4555 0.4510 0.2942 0.3501 0.3626 0.3636 0.8629 0.2719
0.9371 0.5144 0.4584 0.6085 0.4962 0.8052 0.4796 0.4730 0.4621 0.4246 0.4079 0.3598
0.7568 0.2969 0.3103 0.3817 0.3753 0.9874 0.2914 0.3004 0.2453 0.2243 0.1275 0.2123
0.9905 0.3827 0.3567 0.4409 0.4474 0.8087 0.3906 0.3510 0.3356 0.5373 0.4638 0.3878
0.5583 0.4468 0.6353 0.4767 0.4341 0.8064 0.4977 0.4715 0.3333 0.2907 0.2515 0.2434
0.5809 0.4289 0.6454 0.5354 0.5392 0.9484 0.6452 0.6593 0.4335 0.4907 0.3390 0.2480
0.4589 0.5260 0.7384 0.7108 0.6299 0.9648 0.6267 0.6512 0.4793 0.7641 0.4092 0.2274
0.2406 0.2638 0.5322 0.6304 0.3250 0.6096 0.4334 0.8322 0.3079 0.2879 0.7883 0.1408
0.3281 0.4291 0.6426 0.6239 0.5545 0.8629 0.5475 0.6358 0.4776 0.5541 0.7978 0.2998
0.2898 0.3376 0.4948 0.3521 0.3908 0.9861 0.3963 0.3052 0.2934 0.5035 0.5958 0.1570
0.4369 0.4459 0.5844 0.4865 0.4390 0.7094 0.4655 0.4410 0.4093 0.3492 0.9811 0.2384
0.6982 0.4517 0.9654 0.4732 0.4551 0.5101 0.3550 0.3759 0.3744 0.4213 0.5439 0.2239
0.8977 0.5367 0.6565 0.9395 0.5455 0.6196 0.5886 0.6425 0.5381 0.4378 0.5539 0.4501
0.3638 0.3485 0.5176 0.7267 0.3885 0.3940 0.3396 0.5637 0.3059 0.2740 0.9853 0.3618
0.3294 0.4089 0.6116 0.7423 0.4238 0.4147 0.3890 0.5224 0.3517 0.3881 0.9381 0.2440
0.2419 0.2856 0.3872 0.9926 0.3178 0.3052 0.3014 0.4271 0.2770 0.3502 0.7119 0.2082
0.3343 0.3556 0.4278 0.9794 0.3960 0.4617 0.3745 0.4180 0.3487 0.3079 0.4476 0.2051
0.4996 0.4257 0.5383 0.6664 0.5156 0.7422 0.4587 0.5599 0.5065 0.4981 0.8849 0.4229
0.8720 0.3673 0.3266 0.3609 0.3920 0.9213 0.2911 0.3313 0.3360 0.5782 0.1681 0.2418
0.9604 0.3443 0.3342 0.4495 0.4430 0.7995 0.3728 0.3910 0.3592 0.6239 0.1786 0.2567
0.9826 0.3157 0.3241 0.3331 0.4103 0.3859 0.2701 0.3569 0.2779 0.4207 0.1989 0.2683
0.8400 0.4077 0.7724 0.4044 0.3531 0.4282 0.2681 0.2762 0.2776 0.3956 0.4236 0.1585
0.8883 0.4490 0.6635 0.4665 0.4518 0.6582 0.3717 0.3530 0.3167 0.4903 0.1935 0.2524
0.8034 0.2778 0.3665 0.4272 0.4277 0.9735 0.2824 0.2729 0.2605 0.2728 0.1026 0.1809
0.7634 0.1651 0.1226 0.1464 0.2054 0.8629 0.1310 0.1699 0.0958 0.1323 0.0904 0.2133
0.5723 0.6081 0.6266 0.4757 0.4370 0.8924 0.4441 0.4048 0.4952 0.5040 0.5363 0.2573
0.2497 0.2626 0.3920 0.3840 0.3674 0.6097 0.2730 0.2815 0.2906 0.3048 0.9986 0.2896
0.2875 0.3187 0.4943 0.4244 0.3114 0.5144 0.2782 0.2459 0.2483 0.3961 1.0000 0.2230
0.1880 0.2761 0.3801 0.3464 0.3294 0.5004 0.2878 0.2640 0.2591 0.3368 1.0000 0.1820
0.3616 0.3476 0.4841 0.5473 0.4206 0.5171 0.3384 0.3413 0.3067 0.2904 1.0000 0.3123
0.7094 0.4916 0.8175 0.6672 0.6197 0.8055 0.5126 0.5616 0.5174 0.5788 0.9757 0.4181
0.4286 0.4313 0.6466 0.9873 0.5694 0.6134 0.4451 0.4399 0.4743 0.4083 0.5885 0.2621
0.6709 0.4871 0.6611 0.9998 0.5844 0.5489 0.4377 0.3790 0.3675 0.2600 0.5664 0.2961
0.4702 0.5868 0.9007 0.9837 0.6174 0.6668 0.5610 0.5560 0.5577 0.4500 0.6509 0.3405
0.3522 0.4349 0.6410 0.9520 0.5753 0.7451 0.6626 0.4911 0.4228 0.4009 0.6204 0.2351
0.8206 0.4496 0.4143 0.5544 0.4001 0.5811 0.5068 0.5729 0.3637 0.3820 0.7186 0.3585
0.4503 0.4801 0.5963 0.6210 0.6157 0.7439 0.7353 0.5186 0.4713 0.6063 0.8386 0.3752
0.2823 0.2737 0.3604 0.3537 0.3077 0.4521 0.2807 0.3071 0.2679 0.3273 1.0000 0.2386
0.2489 0.3304 0.5163 0.4038 0.4175 0.6307 0.3756 0.3521 0.3408 0.5635 0.9873 0.2667
0.3661 0.3778 0.4683 0.4157 0.4060 0.6247 0.3810 0.3370 0.3222 0.3915 1.0000 0.2862
0.3773 0.3549 0.4530 0.5497 0.4560 0.9694 0.3805 0.4451 0.3594 0.3606 0.7840 0.3307
0.6726 0.5857 0.8639 0.8309 0.6799 0.8495 0.5221 0.6078 0.5456 0.4545 0.7015 0.4470
0.3912 0.3786 0.5376 1.0000 0.3854 0.5073 0.4523 0.4301 0.3485 0.3150 0.4932 0.2185
0.5857 0.4807 0.6887 0.8185 0.5485 0.7722 0.5054 0.4507 0.4456 0.4163 0.7715 0.2489
0.4653 0.5124 0.6907 0.9332 0.6176 0.7850 0.5532 0.6804 0.5700 0.5632 0.6630 0.3793
0.7133 0.5260 0.7031 0.9050 0.6099 0.7571 0.6307 0.7448 0.5522 0.4994 0.7345 0.4287
0.4271 0.5018 0.7148 0.7911 0.5481 0.6050 0.7338 0.8104 0.5544 0.5712 0.7315 0.3632
0.2463 0.3220 0.5300 0.4989 0.4132 0.6177 0.5420 0.4039 0.3615 0.3910 1.0000 0.1697
0.4406 0.4822 0.6391 0.6453 0.4890 0.6922 0.5042 0.5489 0.4347 0.5134 0.9502 0.4320
0.4202 0.6109 0.8551 0.6383 0.6432 0.9899 0.6323 0.5703 0.4750 0.3756 0.6513 0.3961
0.4100 0.4782 0.6000 0.6247 0.5618 0.8165 0.4398 0.4981 0.4365 0.4616 0.9683 0.2291
0.8844 0.4450 0.5366 0.5621 0.5460 0.8100 0.4396 0.6004 0.3758 0.4055 0.6043 0.3722
0.7077 0.5389 0.7327 0.8004 0.4902 0.6915 0.4498 0.4684 0.3907 0.3570 0.5127 0.3483
0.3771 0.4102 0.5809 0.7917 0.5401 0.7242 0.5973 0.6341 0.5184 0.6294 0.8481 0.2669
0.7044 0.5502 0.8127 0.7433 0.6144 0.8473 0.5932 0.5995 0.5125 0.4366 0.8452 0.4147
0.3535 0.3610 0.5432 1.0000 0.4249 0.4506 0.3713 0.4449 0.3318 0.2650 0.3927 0.1998
0.6781 0.6015 0.7355 0.9318 0.6695 0.8415 0.6311 0.6290 0.5866 0.3962 0.6749 0.3894
0.3890 0.5771 0.9095 0.8760 0.7089 0.8151 0.7462 0.7347 0.5761 0.5290 0.8400 0.3020
0.3061 0.3572 0.5329 0.5075 0.5121 0.9460 0.4736 0.4306 0.4464 0.4348 0.9531 0.1865
0.3754 0.4350 0.6538 0.6837 0.5574 0.9698 0.5306 0.4926 0.4119 0.4683 0.7512 0.2072
0.5528 0.5181 0.7341 0.6530 0.6001 0.9418 0.6032 0.5969 0.4709 0.5364 0.7014 0.3097
0.5512 0.4433 0.5160 0.6268 0.5473 0.8566 0.4744 0.4910 0.4207 0.4033 0.9077 0.2656
0.8864 0.5084 0.6496 0.5257 0.5827 0.8416 0.4049 0.4825 0.3600 0.4402 0.4523 0.3098
0.6098 0.5631 0.7633 0.9592 0.5683 0.8492 0.5638 0.6017 0.5138 0.3575 0.7133 0.3292
0.6578 0.5320 0.6741 0.9597 0.6654 0.8114 0.5796 0.5729 0.4934 0.4612 0.6705 0.3488
0.4118 0.4400 0.7454 0.6390 0.4667 0.7098 0.3881 0.3745 0.3904 0.3708 0.8468 0.2547
0.3185 0.2366 0.3387 0.8065 0.4184 0.6849 0.3414 0.2326 0.2116 0.2853 0.8468 0.2267
