27 12 20
0.4185 0.3278 0.2733 0.4268 0.7113 0.9207 0.8380 0.5113 0.2456 0.3115 0.3861 0.3286
0.5051 0.3148 0.2370 0.2705 0.7267 0.7091 0.6382 0.5052 0.5030 0.4057 0.5402 0.6022
0.2218 0.2980 0.4312 0.3721 0.2843 0.2664 0.6141 0.8693 0.3154 0.2001 0.2153 0.1804
0.3710 0.5822 0.9146 0.6429 0.4932 0.2756 0.2396 0.2195 0.2242 0.2131 0.2335 0.2343
0.1969 0.1981 0.3655 0.5687 1.0000 0.4342 0.2037 0.2093 0.2578 0.1914 0.2370 0.2808
0.5610 0.4821 0.5914 0.6261 0.7567 0.5198 0.5925 0.6488 0.6885 0.4999 0.6337 0.5447
0.5550 0.5597 0.6804 0.5794 0.6131 0.7233 0.7454 0.6508 0.5951 0.3806 0.5972 0.6750
0.2763 0.2116 0.2494 0.3817 0.5776 0.6270 0.5361 0.4820 0.5559 0.7533 0.3622 0.2834
0.2520 0.3060 0.8146 0.8893 0.6244 0.2942 0.2856 0.2507 0.2052 0.2711 0.2608 0.2466
0.1892 0.3386 0.5869 0.8658 0.7790 0.4968 0.2928 0.2644 0.2320 0.2308 0.2485 0.2189
0.3694 0.3793 0.3914 0.3910 0.4358 0.6244 0.8117 0.6696 0.5671 0.6938 0.7362 0.4563
0.2797 0.4585 0.6955 0.4828 0.2672 0.3971 0.5667 0.3655 0.2530 0.2266 0.2108 0.2077
0.2436 0.9152 0.7852 0.5188 0.4081 0.1749 0.1445 0.1707 0.2258 0.1881 0.2043 0.2164
0.3665 0.7654 0.5776 0.5897 0.6570 0.3138 0.1911 0.1982 0.2333 0.2144 0.2133 0.2809
0.4094 0.4622 0.5298 0.7327 0.5616 0.4983 0.3033 0.2341 0.2369 0.2294 0.2590 0.3808
0.2719 0.8913 0.5533 0.3242 0.2647 0.4136 0.3029 0.1630 0.2217 0.1495 0.1573 0.2085
0.5881 0.8147 0.8251 0.6198 0.4925 0.5081 0.5519 0.6055 0.4122 0.4107 0.5638 0.4243
0.4320 0.4840 0.8420 0.5493 0.3769 0.4159 0.5106 0.3541 0.2858 0.2976 0.2892 0.3301
0.4618 0.4253 0.9772 0.3951 0.1995 0.1297 0.1422 0.2049 0.2273 0.2597 0.2090 0.2523
0.5383 0.6572 0.8056 0.6683 0.7540 0.5017 0.2784 0.2964 0.3948 0.3388 0.3632 0.4441
0.3827 0.6654 0.6322 0.4692 0.2889 0.3891 0.4954 0.6318 0.5699 0.2907 0.3181 0.4127
0.2412 0.1432 0.1770 0.1521 0.1053 0.1378 0.2252 0.5966 0.7606 0.5029 0.6973 0.5459
0.2698 0.2705 0.5075 0.7978 0.6060 0.3283 0.3643 0.4605 0.5258 0.5180 0.4697 0.3065
0.1907 0.2088 0.2161 0.6025 0.8792 0.6040 0.4588 0.3147 0.2262 0.1807 0.2267 0.2796
0.1810 0.2186 0.3690 0.9736 0.8491 0.2188 0.1678 0.1796 0.1531 0.1428 0.1994 0.2214
0.2573 0.3478 0.6645 0.6764 0.7320 0.4519 0.2144 0.1848 0.2026 0.1890 0.2197 0.2396
0.3939 0.8059 0.9358 0.6661 0.5386 0.3335 0.2562 0.2266 0.3175 0.3061 0.2428 0.3099
