212 12 159
0.6962 0.6555 0.5648 0.6349 0.6218 0.5806 0.5361 0.4743 0.3811 0.3821 0.4051 0.4640
0.0769 0.0694 0.0905 0.1111 1.0000 0.1409 0.0950 0.0552 0.0452 0.0477 0.0441 0.0847
0.1830 0.1838 0.2024 0.2767 1.0000 0.2441 0.1432 0.4509 0.1749 0.1221 0.1164 0.3810
0.0701 0.0945 0.0885 0.1125 1.0000 0.1623 0.1442 0.0672 0.0605 0.0725 0.0509 0.0801
0.6121 0.3024 0.2072 0.2761 0.8517 0.3595 0.6627 0.1614 0.2114 0.8080 0.1559 0.1499
0.1020 0.1264 0.1400 0.1414 0.9880 0.1714 0.1428 0.1492 0.0625 0.0938 0.0846 0.1007
0.1219 0.7719 0.3204 0.2807 0.5709 0.2347 0.2111 0.4370 0.1052 0.1715 0.6979 0.1365
0.1046 0.1275 0.1345 0.1230 1.0000 0.1384 0.1010 0.0844 0.0589 0.0572 0.0584 0.0861
0.6247 0.2581 0.4144 0.7687 0.7376 0.2047 0.1790 0.1486 0.1706 0.6371 0.1505 0.1390
0.0920 0.0940 0.1049 0.1322 1.0000 0.1522 0.1271 0.1504 0.1111 0.0845 0.0667 0.1324
0.2482 0.2108 0.2597 0.3056 0.9894 0.2522 0.2340 0.6842 0.2051 0.1568 0.1403 0.4743
0.0978 0.1044 0.0927 0.1116 1.0000 0.1565 0.1431 0.0755 0.0571 0.0768 0.0609 0.0960
0.8418 0.3544 0.1777 0.2703 0.8594 0.3124 0.5039 0.1854 0.1776 0.6648 0.1349 0.1484
0.0876 0.1424 0.1296 0.1313 0.9943 0.1670 0.1367 0.1444 0.0600 0.0772 0.0711 0.1038
0.1181 0.7777 0.2954 0.2788 0.6484 0.2027 0.1342 0.2896 0.0876 0.1570 0.6509 0.1211
0.0969 0.1153 0.1230 0.1431 1.0000 0.1580 0.1075 0.0708 0.0670 0.0805 0.0657 0.0784
0.4187 0.2494 0.3818 0.7589 0.8766 0.2570 0.1569 0.1198 0.1565 0.6927 0.1431 0.1173
0.0669 0.0920 0.0936 0.1131 1.0000 0.1331 0.0891 0.0996 0.0721 0.0686 0.0622 0.1069
0.1060 0.1016 0.1170 0.1666 0.8247 0.1606 0.1366 0.5945 0.1187 0.0879 0.1021 0.6514
0.1206 0.1198 0.0968 0.1167 1.0000 0.1743 0.1837 0.3031 0.0797 0.0830 0.0722 0.2988
0.9113 0.1600 0.0994 0.1438 0.4813 0.1821 0.4231 0.1078 0.1050 0.4108 0.0835 0.1246
0.5043 0.1217 0.1261 0.2411 1.0000 0.1647 0.2621 0.1585 0.0697 0.2603 0.0926 0.1033
0.1925 0.7910 0.2197 0.2122 0.5278 0.1577 0.1720 0.5104 0.0831 0.1608 0.8852 0.1346
0.1578 0.2496 0.4100 0.1617 0.9518 0.3202 0.1450 0.1732 0.2103 0.0877 0.2485 0.6900
0.1287 0.2251 0.6524 0.1880 0.4089 0.3001 0.0847 0.0980 0.2314 0.0916 0.1427 0.9326
0.0898 0.2183 0.1230 0.1352 0.9085 0.1917 0.1289 0.2360 0.0835 0.1013 0.6945 0.1529
0.1317 0.6045 0.1630 0.1978 0.7411 0.2108 0.1236 0.3529 0.0813 0.1357 0.8518 0.1757
0.1531 0.1310 0.1211 0.2586 1.0000 0.1636 0.3373 0.1235 0.0667 0.2895 0.2664 0.0924
0.5283 0.4126 0.2773 0.6476 0.7427 0.3429 0.8651 0.3356 0.2044 0.6921 0.3364 0.3116
0.3676 0.3941 0.2380 0.2863 0.8154 0.2801 0.2601 0.7295 0.2399 0.2435 0.3690 0.9221
0.7273 0.3690 0.2164 0.2384 0.8438 0.2872 0.5203 0.2883 0.2670 0.6697 0.3121 0.3816
0.3168 0.3402 0.2061 0.1967 0.8103 0.1896 0.2322 0.8277 0.1578 0.1593 0.2745 0.7441
0.6076 0.3724 0.6516 0.2512 0.4829 0.2594 0.3863 0.3411 0.1781 0.3378 0.4454 0.5057
0.3280 0.2335 0.2290 0.1109 0.1638 0.4396 0.1711 0.2287 0.1705 0.1610 0.9834 0.2114
0.9636 0.2758 0.2220 0.1491 0.5512 0.3027 0.1578 0.7463 0.2921 0.4154 0.6413 0.3221
0.5787 0.2322 0.1206 0.1408 0.7366 0.1250 0.1091 0.2943 0.1886 1.0000 0.1535 0.1572
0.8591 0.3172 0.1965 0.5771 0.5638 0.1526 0.4666 0.4427 0.2502 0.6752 0.1460 0.1806
0.2541 0.1449 0.4907 0.2019 0.1817 0.1255 0.2865 1.0000 0.2690 0.2124 0.1172 0.1957
0.2299 0.2566 0.4450 0.1777 0.6213 0.2004 0.3451 0.9478 0.1765 0.1891 0.1662 0.3954
0.2362 0.7977 0.1630 0.1253 0.3360 0.2433 0.9763 0.5498 0.1607 0.1920 0.6468 0.1705
0.1990 0.9296 0.1836 0.1095 0.4639 0.2080 0.6779 0.1889 0.1438 0.1674 0.7526 0.1693
0.1167 0.3533 0.3377 0.0765 0.1238 0.1901 1.0000 0.1927 0.1651 0.1291 0.1692 0.1691
0.3177 0.3755 0.7491 0.1399 0.1707 0.2609 0.9972 0.3218 0.4749 0.1755 0.2114 0.5057
0.1684 0.6302 0.1470 0.0775 0.1783 0.2281 0.9774 0.2765 0.1241 0.1510 0.4308 0.1174
0.3036 0.9675 0.2188 0.1369 0.2691 0.1781 0.6383 0.1620 0.1530 0.2249 0.6773 0.2410
0.3730 0.3246 0.2264 0.3542 0.1368 0.1492 0.5198 0.1718 0.1335 0.1926 0.3721 0.9884
0.9223 0.3670 0.1825 0.1933 0.4418 0.2217 0.6961 0.2834 0.1453 0.1651 0.6243 0.5230
0.2704 0.1680 0.1698 0.3613 0.1052 0.1223 0.3730 0.1081 0.0698 0.1310 0.2527 1.0000
0.2302 0.3841 0.4382 0.3098 0.7080 0.3596 0.3696 0.3234 0.2629 0.3868 0.3376 0.7364
0.1218 0.1328 0.1664 0.1435 1.0000 0.1709 0.1357 0.1328 0.1515 0.0820 0.0959 0.2507
0.1677 0.1570 0.1931 0.2062 0.9236 0.1592 0.1496 0.4422 0.1314 0.0922 0.1110 0.7417
0.1100 0.1109 0.1143 0.1391 0.9991 0.1498 0.1837 0.1846 0.1354 0.1366 0.0899 0.3176
0.7726 0.1993 0.1851 0.2370 0.8715 0.2436 0.6213 0.1585 0.2186 0.6699 0.1363 0.4012
0.5194 0.2112 0.1857 0.3060 0.9720 0.1907 0.2671 0.1793 0.1467 0.2539 0.1626 0.2932
0.1535 0.7966 0.2674 0.2284 0.5612 0.1768 0.1495 0.2555 0.1321 0.1383 0.9073 0.2851
0.1863 0.2547 0.3729 0.1917 0.9434 0.3110 0.1591 0.1520 0.2260 0.1198 0.2377 0.7226
0.1922 0.3168 0.6642 0.2231 0.5772 0.2729 0.1554 0.1509 0.5045 0.1459 0.1882 0.7716
0.0982 0.2605 0.1358 0.1293 1.0000 0.1591 0.1063 0.1725 0.1053 0.1168 0.5179 0.2133
0.1492 0.7289 0.2102 0.2420 0.9765 0.2189 0.1522 0.2689 0.1342 0.1569 0.5517 0.2908
0.1408 0.1324 0.1357 0.2768 0.9903 0.1743 0.2722 0.1295 0.0991 0.2141 0.1416 0.1857
0.6723 0.4629 0.3102 0.6069 0.7644 0.3058 0.8485 0.2711 0.1938 0.3980 0.2988 0.4998
0.2888 0.2999 0.1741 0.2327 0.9120 0.1909 0.2026 0.4083 0.1778 0.1846 0.2699 0.7205
0.6101 0.2987 0.1721 0.2257 0.9397 0.2380 0.3763 0.2041 0.2212 0.6937 0.2505 0.3663
0.2579 0.2049 0.1722 0.1839 1.0000 0.1436 0.1791 0.6894 0.1406 0.1454 0.2314 0.5549
0.1554 0.2372 0.3903 0.1750 0.8552 0.1901 0.3181 0.2795 0.1202 0.2093 0.1450 0.1908
0.0475 1.0000 0.1096 0.0524 0.3218 0.1513 0.1862 0.0458 0.2992 0.0935 0.2537 0.0798
0.0537 1.0000 0.0501 0.0504 0.2449 0.1376 0.3508 0.0583 0.2645 0.0614 0.4337 0.0835
0.1052 0.9158 0.1221 0.0833 0.4852 0.1832 0.5678 0.0870 0.1424 0.0712 0.6042 0.1683
0.1429 0.2699 0.1133 0.7066 0.3543 0.1603 0.4504 0.0916 0.0953 0.0493 0.2309 0.8925
0.0785 0.1086 0.4117 0.3192 0.2053 0.0626 0.3198 0.0513 0.2799 0.1773 0.0938 1.0000
0.0672 0.0960 0.3846 0.2032 0.5187 0.0676 0.2560 0.0467 0.2061 0.1468 0.0595 1.0000
0.1185 0.1066 0.7961 0.1639 0.5656 0.0788 0.1319 0.0607 0.4107 0.1911 0.1031 0.8583
0.1676 0.8278 0.3044 0.1167 0.5394 0.0992 0.0985 0.0559 0.1906 0.7163 0.1277 0.3868
0.3827 0.4498 0.1433 0.0536 0.1920 0.0471 0.2337 0.1109 0.0762 1.0000 0.0746 0.1165
0.7503 0.4318 0.6325 0.1006 0.1190 0.0699 0.4309 0.1608 0.0652 0.8954 0.0779 0.1062
0.8857 0.3731 0.5426 0.1078 0.1261 0.0625 0.4302 0.2620 0.1345 0.7311 0.1185 0.1407
0.3136 0.2992 0.5690 0.1583 0.0638 0.0520 0.1607 0.7790 0.1089 0.2474 0.1152 0.8810
0.2007 0.1879 0.3378 0.4074 0.1136 0.0872 0.2011 0.8658 0.1660 0.1302 0.1198 0.8217
0.1221 0.2725 0.3188 0.8108 0.2147 0.0896 0.4928 0.1247 0.0745 0.4807 0.3464 0.7126
0.2924 0.1206 0.1974 0.2070 0.5401 0.0975 0.1934 0.4469 0.1802 0.1886 0.2533 0.9908
0.2942 0.1180 0.0601 0.0960 0.1035 0.0498 0.2293 0.1169 0.0691 0.0978 0.2748 1.0000
0.1859 0.7892 0.2228 0.2089 0.5570 0.1162 0.2338 0.8878 0.1728 0.1709 0.1943 0.6264
0.1084 0.2897 0.1480 0.9142 0.4499 0.1123 0.5460 0.3172 0.1096 0.7286 0.1924 0.4545
0.0862 0.9667 0.0890 0.2260 0.8833 0.1424 0.2125 0.7179 0.1163 0.1635 0.0764 0.2450
0.0820 0.3100 0.1016 0.9790 0.3495 0.1057 0.5789 0.2490 0.0851 0.3078 0.1641 0.3184
0.0831 0.1590 0.1146 0.2153 0.7779 0.0861 0.1527 0.5639 0.0816 0.0944 0.0910 0.8900
0.0923 0.9750 0.0727 0.1447 0.7864 0.1319 0.1817 0.5848 0.1029 0.0544 0.0634 0.3383
0.1032 0.2776 0.1150 0.9008 0.2977 0.1035 0.5047 0.1816 0.0790 0.0860 0.2152 0.9319
0.1369 0.5524 0.1403 0.6369 0.1497 0.1235 0.4201 0.1400 0.1565 0.2066 0.3489 0.8454
0.0754 0.1325 0.1695 0.1497 0.5956 0.1264 0.2673 0.5356 0.2305 0.9755 0.1446 0.6570
0.0776 0.1241 0.2816 0.6473 0.6374 0.1607 0.4313 0.9970 0.2859 0.2508 0.2676 0.6971
0.0877 0.1251 0.2734 0.2037 0.5596 0.1797 0.3921 1.0000 0.2929 0.1298 0.1543 0.4915
0.1187 0.2566 0.1709 0.1576 0.5786 0.1758 0.2163 0.4410 0.2881 0.4753 0.1391 0.6255
0.1112 0.2438 0.8010 0.1495 0.2670 0.2671 0.7907 0.5648 0.2121 0.7714 0.1620 0.1827
0.0825 0.8362 0.5014 0.1025 0.1927 0.3014 0.8850 0.1823 0.2517 0.4845 0.1070 0.0587
0.2194 0.3002 0.8322 0.1245 0.1446 0.1122 0.2864 0.0742 0.1079 0.6287 0.2265 0.3979
0.2386 0.0844 0.0614 0.0917 0.0563 0.0513 0.1547 0.0650 0.0563 0.0838 0.1666 1.0000
0.2056 0.4752 0.2251 0.1619 0.3549 0.0980 0.2772 0.8740 0.1293 0.1663 0.1654 0.7985
0.1098 0.3044 0.1314 0.6478 0.3694 0.1212 0.6636 0.2961 0.1233 0.8206 0.1830 0.7571
0.1180 0.8853 0.1264 0.3241 0.6984 0.1661 0.3304 0.8054 0.1937 0.2667 0.1449 0.6557
0.0857 0.2432 0.1029 0.8874 0.2923 0.1124 0.6245 0.2305 0.0954 0.4324 0.3468 0.5487
0.0729 0.1092 0.0749 0.1438 0.4718 0.0681 0.1885 0.3913 0.1039 0.0937 0.0943 1.0000
0.1096 0.8121 0.0952 0.1539 0.5894 0.1214 0.3291 0.7984 0.1581 0.0902 0.0875 0.9198
0.0838 0.1242 0.0601 0.3859 0.1331 0.0655 0.3535 0.1159 0.0537 0.0738 0.1234 1.0000
0.1202 0.4994 0.0998 0.4626 0.1026 0.1034 0.3496 0.1009 0.1328 0.1689 0.3586 0.8982
0.0766 0.1350 0.1982 0.1529 0.5982 0.1317 0.2993 0.5573 0.2545 0.9380 0.1705 0.5030
0.0792 0.1208 0.2554 0.8712 0.5773 0.1794 0.4051 0.9139 0.2730 0.2146 0.3690 0.5187
0.0927 0.1244 0.2612 0.2238 0.7376 0.1792 0.3605 0.9757 0.2952 0.1265 0.1724 0.6039
0.1402 0.2508 0.1796 0.1333 0.5167 0.1939 0.2279 0.3872 0.3359 0.4557 0.1507 0.7531
0.1052 0.1948 0.6642 0.1287 0.2523 0.2630 0.7463 0.6046 0.1996 0.7999 0.1425 0.1545
0.1052 0.8359 0.5374 0.1191 0.2084 0.3635 0.9614 0.2858 0.2609 0.5641 0.1267 0.0836
0.2857 0.2639 0.6466 0.1095 0.1338 0.2182 0.7142 0.1943 0.1346 0.4972 0.3108 0.5064
0.2930 0.1196 0.0679 0.1015 0.0592 0.0544 0.1839 0.0827 0.0628 0.0944 0.2163 1.0000
0.2993 0.6689 0.1204 0.1966 0.4361 0.1219 0.4044 0.7237 0.1291 0.1981 0.2588 0.9078
0.1379 0.2984 0.1262 0.7915 0.3422 0.1272 0.8564 0.2754 0.1223 0.4900 0.1935 0.9482
0.3022 0.5321 0.1242 0.2040 0.6644 0.1058 0.2914 0.7116 0.0851 0.1668 0.3012 0.8009
0.2482 0.0745 0.0472 0.0880 0.0440 0.0425 0.1387 0.0494 0.0498 0.0782 0.1806 1.0000
0.2652 0.1752 0.1231 0.5381 0.1418 0.0993 0.5429 0.2202 0.0852 0.2421 0.2198 1.0000
0.1218 0.5312 0.0960 0.2447 0.6138 0.1102 0.2916 0.7840 0.0890 0.1671 0.1213 0.9919
0.3151 0.2131 0.1288 0.3482 0.2229 0.0943 0.5046 0.1600 0.0979 0.4183 0.3857 1.0000
0.3043 0.0865 0.0629 0.0923 0.0566 0.0545 0.1807 0.0545 0.0626 0.0992 0.2639 1.0000
0.3034 0.4775 0.0947 0.1391 0.4992 0.1026 0.2562 0.7376 0.1141 0.1544 0.2593 0.9825
0.0845 0.1644 0.1070 0.2322 0.1552 0.0736 0.3840 0.1422 0.0691 0.2756 0.1220 1.0000
0.2020 0.0751 0.0764 0.1392 0.1820 0.0573 0.1843 0.2921 0.0763 0.1306 0.2465 1.0000
0.2402 0.0637 0.0538 0.0794 0.0741 0.0499 0.1496 0.1125 0.0502 0.0889 0.1777 1.0000
0.8289 0.0923 0.0796 0.0942 0.1314 0.0671 0.1485 0.1017 0.0772 0.2750 0.2913 0.9596
0.4297 0.0913 0.0624 0.0891 0.0800 0.0540 0.1732 0.0478 0.0669 0.1331 0.2537 1.0000
0.2704 0.1154 0.1909 0.2656 0.1160 0.0509 0.2147 0.1831 0.0678 0.1187 0.1943 0.9787
0.7157 0.1458 0.5623 0.1684 0.0930 0.0945 0.6330 0.1035 0.1006 0.3116 0.1270 0.3327
0.3139 0.0787 0.3596 0.7547 0.1091 0.1003 0.5084 0.0828 0.0762 0.4428 0.1241 0.4828
0.2397 0.1797 0.4968 0.2976 0.1149 0.1118 0.8211 0.1031 0.1100 0.4360 0.1268 0.5025
0.6445 0.0963 0.4935 0.4702 0.0927 0.1107 0.6027 0.0869 0.0723 0.3321 0.0847 0.1356
0.1809 0.0649 0.1492 0.4906 0.1227 0.1858 0.7012 0.1056 0.0832 0.4618 0.1456 0.7879
0.7599 0.0962 0.0922 0.1621 0.3531 0.6798 0.2101 0.0685 0.0689 0.4556 0.1261 0.3152
0.3107 0.0786 0.0813 0.2120 0.3391 0.2445 0.6525 0.1081 0.0779 0.4040 0.1238 0.5796
0.4766 0.0998 0.1219 0.4369 0.2806 0.4769 0.5170 0.0974 0.0863 0.4942 0.1627 0.5349
0.6023 0.1197 0.1222 0.2090 0.6835 0.6143 0.4642 0.1326 0.1008 0.5405 0.1447 0.2282
0.1693 0.0972 0.1252 0.3979 0.2293 0.1621 0.6679 0.1189 0.0920 0.4878 0.1548 0.8577
0.9344 0.1515 0.1476 0.6309 0.1374 0.1276 0.2011 0.4264 0.1097 0.5158 0.1382 0.2841
0.2877 0.1055 0.1306 0.5880 0.1150 0.0697 0.3398 0.3119 0.0775 0.1620 0.1522 0.8597
0.5696 0.1006 0.1176 0.6307 0.0929 0.0902 0.4427 0.1407 0.0935 0.3822 0.1230 0.4530
0.5313 0.1380 0.1507 0.6535 0.1214 0.0957 0.1654 0.6123 0.1072 0.4197 0.1300 0.5356
0.2022 0.1143 0.2887 0.5900 0.1286 0.0940 0.6523 0.1740 0.0798 0.1063 0.1124 0.7341
0.3098 0.1525 0.8704 0.2787 0.0870 0.1120 0.7128 0.1448 0.0958 0.2567 0.1002 0.1904
0.4864 0.2076 0.4149 0.6326 0.1638 0.1269 0.7931 0.1568 0.1263 0.4681 0.1572 0.3352
0.2840 0.2051 0.6846 0.4736 0.0957 0.1072 0.7616 0.1364 0.1195 0.4283 0.1243 0.4152
0.5064 0.1677 0.6648 0.4082 0.1439 0.1133 0.7342 0.1390 0.1006 0.4313 0.1077 0.1379
0.2104 0.1695 0.2528 0.6945 0.1224 0.1225 0.7749 0.1511 0.1320 0.4871 0.1672 0.6173
0.1091 0.1556 0.1523 0.2614 0.2109 0.1176 0.4722 0.5278 0.1180 0.4547 0.1315 0.3754
0.0776 0.0792 0.0899 0.1520 1.0000 0.1896 0.1498 0.1360 0.1395 0.0608 0.0678 0.1700
0.1681 0.2167 0.1740 0.1790 0.9139 0.1923 0.2405 0.8697 0.2264 0.0978 0.1465 0.5499
0.1207 0.1216 0.1179 0.2055 1.0000 0.2671 0.1850 0.2958 0.1163 0.1126 0.1024 0.2933
0.7882 0.3665 0.2044 0.2235 0.6830 0.2680 0.6362 0.3309 0.2063 0.8099 0.2220 0.2389
0.2074 0.1195 0.1126 0.2866 1.0000 0.2679 0.4152 0.1419 0.0962 0.1630 0.1204 0.1846
0.2567 0.6838 0.2535 0.2049 0.5302 0.2690 0.2534 0.7024 0.2249 0.2353 0.9057 0.2332
0.1276 0.1457 0.6008 0.2877 0.9768 0.4436 0.1950 0.2073 0.5397 0.1171 0.1948 0.4694
0.2231 0.2344 0.9263 0.2713 0.3525 0.4792 0.2599 0.1733 0.6430 0.2152 0.2397 0.6102
0.1297 0.3149 0.1883 0.2066 0.9990 0.3274 0.2101 0.4970 0.1402 0.1245 0.7105 0.2307
0.2265 0.5787 0.1957 0.2242 0.5672 0.2409 0.1502 0.6640 0.2102 0.1645 0.8577 0.2193
0.4104 0.1722 0.1439 0.4675 1.0000 0.3219 0.5587 0.1835 0.1176 0.1363 0.1598 0.2364
0.7189 0.3398 0.2570 0.5718 0.3751 0.2187 0.9215 0.2440 0.1274 0.3235 0.2697 0.2659
0.2457 0.2116 0.1577 0.2466 0.8785 0.1740 0.2259 0.8027 0.1320 0.1982 0.1744 0.5231
0.6164 0.2492 0.1535 0.2046 0.8899 0.2074 0.7442 0.3022 0.1265 0.3825 0.1568 0.2891
0.3062 0.2751 0.2465 0.2388 0.9802 0.2308 0.2808 0.5423 0.1787 0.2032 0.2122 0.7110
0.4581 0.2919 0.4695 0.2331 0.5080 0.1650 0.2008 0.2849 0.1420 0.2889 0.2745 0.4510
0.1566 0.1666 0.1188 0.0787 0.0988 0.2028 0.1141 0.1309 0.0985 0.2203 1.0000 0.1847
0.2771 0.2589 0.2031 0.1672 0.6418 0.2266 0.1823 0.7120 0.1843 0.2879 0.9550 0.1765
0.2134 0.2568 0.1297 0.1496 0.3494 0.1557 0.1619 0.3564 0.2668 1.0000 0.2322 0.1353
0.3018 0.3550 0.1552 0.3386 0.2131 0.1506 0.6997 0.3599 0.2376 0.9415 0.1744 0.1426
0.2162 0.1035 0.1374 0.2305 0.1210 0.1158 0.4414 1.0000 0.3250 0.1797 0.0988 0.1885
0.1308 0.1770 0.1966 0.1350 0.3479 0.2098 0.3364 0.9507 0.1596 0.1544 0.1089 0.2364
0.0738 0.2984 0.1165 0.0854 0.1428 0.2639 1.0000 0.3895 0.1268 0.1021 0.2384 0.0688
0.1548 0.4049 0.1361 0.1257 0.3009 0.2211 1.0000 0.2812 0.1453 0.1123 0.4604 0.1173
0.1513 0.2718 0.6186 0.1175 0.1460 0.2352 0.9995 0.1502 0.3109 0.1162 0.1710 0.2022
0.1522 0.2185 0.8688 0.1347 0.0891 0.1947 0.8497 0.1893 0.5042 0.1495 0.1267 0.2497
0.0843 0.2821 0.1207 0.0668 0.1482 0.2643 1.0000 0.2727 0.1226 0.0945 0.1909 0.0593
0.2127 0.3969 0.1425 0.1203 0.3098 0.2171 0.9725 0.1881 0.1484 0.1881 0.4654 0.2802
0.3161 0.2173 0.1418 0.3859 0.1353 0.1410 0.5406 0.1453 0.1326 0.1895 0.3576 0.9599
0.7587 0.2230 0.1187 0.1491 0.2691 0.1503 0.7258 0.1965 0.1176 0.1858 0.4105 0.4280
0.2436 0.1529 0.1116 0.2114 0.0967 0.1038 0.4572 0.1183 0.1160 0.2387 0.3293 1.0000
0.1942 0.2134 0.1085 0.2410 0.2850 0.1974 0.5140 0.4942 0.2422 0.4371 0.3842 0.7625
0.1092 0.1055 0.1244 0.1497 1.0000 0.2355 0.1969 0.1538 0.1051 0.0686 0.0909 0.5220
0.1771 0.2067 0.1961 0.1816 0.8206 0.1873 0.3125 0.8521 0.2770 0.1239 0.1652 0.8512
0.1418 0.1273 0.1530 0.2057 0.9992 0.2979 0.2100 0.3229 0.2070 0.1170 0.1371 0.6904
0.6118 0.3229 0.2234 0.2402 0.7308 0.2470 0.5846 0.2453 0.3192 0.7720 0.2368 0.9035
0.1933 0.1117 0.1158 0.2218 0.9940 0.2647 0.3801 0.1493 0.1748 0.1667 0.1705 0.4506
0.2267 0.5503 0.2499 0.1941 0.5562 0.2009 0.2375 0.5642 0.3402 0.2127 0.9173 0.5744
0.1318 0.1565 0.6237 0.2640 0.9679 0.4605 0.2429 0.2061 0.5326 0.1172 0.1939 0.5783
0.1803 0.2040 0.9064 0.2432 0.4059 0.1893 0.2262 0.1533 0.5601 0.1782 0.1921 0.8135
0.1128 0.2585 0.1514 0.2196 0.9987 0.2733 0.1944 0.4657 0.2144 0.1068 0.6260 0.3423
0.1946 0.5463 0.1932 0.2350 0.8100 0.1939 0.2113 0.4374 0.3793 0.1488 0.8028 0.6331
0.3213 0.1707 0.1301 0.4305 0.9964 0.2858 0.5187 0.1835 0.2234 0.1220 0.1721 0.3683
0.6803 0.3015 0.2322 0.7677 0.6111 0.2074 0.8061 0.2624 0.3710 0.1904 0.2369 0.6566
0.2498 0.2258 0.2047 0.2844 0.9603 0.1618 0.2231 0.6465 0.3126 0.1932 0.1574 0.8539
0.5064 0.2087 0.1357 0.1947 0.9973 0.1667 0.4949 0.2514 0.2941 0.3132 0.1517 0.5362
0.2557 0.1330 0.1989 0.2089 0.9644 0.1477 0.2363 0.6621 0.1780 0.1541 0.1553 0.7013
0.0967 0.1298 0.3622 0.0982 0.5767 0.0754 0.3851 0.5079 0.0908 0.0982 0.0729 0.2733
0.0534 1.0000 0.1557 0.0450 0.3410 0.0801 0.3167 0.0490 0.2006 0.0627 0.4310 0.0745
0.1398 0.8099 0.1062 0.0851 0.4504 0.2008 0.8870 0.1223 0.1558 0.0841 0.6926 0.1204
0.1712 0.7296 0.1106 0.1563 0.7079 0.2867 0.7712 0.1354 0.3357 0.1138 0.7423 0.1779
0.2167 0.5176 0.1579 0.8109 0.4243 0.1681 0.7708 0.1437 0.1589 0.1088 0.3830 0.7126
0.1318 0.0909 0.2886 0.1280 0.1027 0.0343 0.1175 0.0368 0.2058 0.0423 0.0575 1.0000
0.1382 0.1490 0.5732 0.1959 0.6196 0.0886 0.1204 0.0726 0.4270 0.0874 0.0803 0.9982
0.1266 0.1812 0.4529 0.1360 0.3439 0.0731 0.1052 0.0603 0.4334 0.1155 0.0882 0.9719
0.1833 0.8175 0.4505 0.1394 0.4246 0.0842 0.0860 0.0629 0.1615 0.4502 0.1094 0.4748
0.2929 0.3116 0.1217 0.0469 0.2517 0.0521 0.6583 0.1521 0.0721 1.0000 0.0858 0.1666
0.4823 0.4671 0.9718 0.1407 0.1464 0.0993 0.7723 0.1890 0.0871 0.5314 0.1034 0.1148
0.6128 0.3405 0.8671 0.1525 0.2169 0.1044 0.8152 0.2039 0.1360 0.6824 0.1416 0.1351
0.5146 0.2248 0.8419 0.1608 0.1091 0.0643 0.1389 0.7262 0.1189 0.4481 0.1462 0.5590
0.2304 0.2086 0.4970 0.6941 0.1580 0.0730 0.1342 0.9697 0.1543 0.2529 0.2210 0.4584
0.1911 0.2426 0.2841 0.8114 0.2885 0.1194 0.4775 0.3082 0.1474 0.7695 0.2585 0.4642
0.2098 0.2026 0.3081 0.3624 0.7791 0.2050 0.1953 0.8312 0.1852 0.1964 0.1204 0.4287
