169 12 127
0.6507 0.4825 0.3640 0.6679 0.6392 0.5729 0.6442 0.9425 0.8633 0.5859 0.4812 0.6039
0.2912 0.1283 0.2033 0.1345 0.1690 0.1289 0.1412 0.8469 0.1810 0.5901 0.1511 0.1571
0.6238 0.2280 0.1940 0.2117 0.3329 0.1545 0.1691 0.6562 0.1908 0.6028 0.2325 0.2391
0.9105 0.1882 0.2527 0.1408 0.1488 0.1123 0.1035 0.6297 0.1171 0.2325 0.1051 0.1270
0.4663 0.3827 0.9610 0.4006 0.4379 0.3103 0.1923 0.3282 0.2161 0.2601 0.2650 0.3190
0.5138 0.1946 0.1391 0.1220 0.1420 0.1265 0.9646 0.2184 0.1289 0.3180 0.1343 0.0878
0.6584 0.2469 0.2668 0.2536 0.2743 0.1928 0.7420 0.3410 0.2709 0.5600 0.2720 0.1876
1.0000 0.4121 0.5804 0.3386 0.2990 0.2395 0.5271 0.3664 0.3133 0.3622 0.3323 0.3022
0.6431 0.3909 0.3901 0.2547 0.3134 0.3465 0.8816 0.3829 0.2298 0.4333 0.4157 0.3691
0.5058 0.4412 0.4533 0.3879 0.8901 0.5518 0.4563 0.7554 0.3489 0.3858 0.7162 0.4064
0.2006 0.1335 0.1511 0.1311 0.2466 0.1823 0.1405 0.1627 0.1772 0.5192 0.7194 0.1814
0.3584 0.3478 0.4833 0.3126 0.4032 0.3250 0.2573 0.2945 0.2652 0.4407 0.9481 0.2555
0.9493 0.4380 0.5583 0.4687 0.7710 0.4450 0.3746 0.3882 0.4368 0.4059 0.6491 0.4270
0.1974 0.1339 0.1535 0.1203 0.2457 1.0000 0.1989 0.1318 0.1232 0.1739 0.1353 0.1148
0.4856 0.4120 0.4243 0.3099 0.5077 0.9657 0.5353 0.3322 0.3011 0.6552 0.3091 0.3029
0.5028 0.4095 0.5251 0.3363 0.4168 0.6866 0.3771 0.8308 0.2974 0.2871 0.5180 0.4467
0.9663 0.8386 0.4371 0.3869 0.5942 0.3443 0.3554 0.5060 0.3204 0.3221 0.4227 0.5430
0.7553 0.1345 0.2156 0.1158 0.1980 0.1329 0.1628 0.8896 0.1461 0.7055 0.1484 0.1206
0.7934 0.1604 0.1546 0.0949 0.2241 0.1263 0.1369 0.6940 0.1434 0.5980 0.1335 0.1404
0.9940 0.1215 0.1919 0.0964 0.1228 0.1069 0.1023 0.5137 0.0860 0.3179 0.0931 0.0860
0.7646 0.3726 0.8202 0.3052 0.3257 0.2566 0.3224 0.3814 0.2880 0.4635 0.2601 0.2550
0.9615 0.2226 0.1141 0.0980 0.2048 0.1327 0.8000 0.2088 0.1358 0.5922 0.1458 0.1107
0.8966 0.2383 0.1390 0.1183 0.1699 0.1302 0.5655 0.3149 0.1736 0.5766 0.1808 0.2880
0.9933 0.1828 0.1558 0.1060 0.1664 0.1774 0.3002 0.3262 0.1005 0.1610 0.1205 0.2029
0.8825 0.7007 0.4620 0.3369 0.4688 0.4109 0.8042 0.4831 0.3423 0.5346 0.4467 0.5323
0.9444 0.8011 0.6032 0.3612 0.3870 0.2518 0.3506 0.6513 0.3167 0.2984 0.5273 0.5681
0.8287 0.5689 0.7255 0.5338 0.8875 0.4643 0.4090 0.3681 0.3225 0.7904 0.4468 0.5017
0.4632 0.3909 0.6199 0.3821 0.8948 0.8712 0.3923 0.2839 0.2417 0.3758 0.5719 0.4186
0.6765 0.3164 0.3915 0.3016 0.7861 0.8800 0.4151 0.6483 0.3581 0.2714 0.2471 0.2713
0.4684 0.2930 0.7116 0.3761 0.5593 0.8478 0.4499 0.7348 0.4325 0.8212 0.3376 0.2691
0.5332 0.2098 0.2235 0.2496 0.4152 0.5481 0.2339 0.5906 0.2926 0.6284 0.7181 0.2295
0.6944 0.2023 0.2244 0.2280 0.3230 0.7330 0.1808 0.2831 0.2271 0.3060 0.9927 0.1788
0.9841 0.5625 0.6061 0.5935 0.6654 0.5079 0.3956 0.5011 0.3437 0.2774 0.5980 0.4475
1.0000 0.1446 0.1178 0.0808 0.1562 0.0721 0.0588 0.1379 0.0559 0.0673 0.0956 0.1292
0.9505 0.1875 0.2017 0.1490 0.3612 0.4241 0.1588 0.1802 0.0911 0.1351 0.2779 0.1812
0.3846 0.1589 0.4520 0.1247 0.1246 0.9767 0.0960 0.0830 0.0865 0.1492 0.6146 0.1235
0.9510 0.7463 0.4973 0.4031 0.3841 0.5778 0.2402 0.2658 0.1906 0.2324 0.4580 0.4529
1.0000 0.1911 0.2248 0.1300 0.3569 0.1937 0.1154 0.4640 0.0894 0.1072 0.2223 0.1829
0.8613 0.2230 0.4977 0.1421 0.3495 0.7486 0.2134 0.3599 0.1409 0.1868 0.5249 0.1921
0.9503 0.1981 0.5488 0.1303 0.2651 0.5033 0.1832 0.2294 0.1026 0.1794 0.3847 0.1619
0.7834 0.4236 0.8331 0.3951 0.4482 0.6374 0.3451 0.3046 0.2064 0.2787 0.3012 0.3092
1.0000 0.1403 0.1626 0.1256 0.2720 0.1129 0.0870 0.3128 0.0707 0.0689 0.1041 0.1103
0.8257 0.1937 0.3517 0.1582 0.2520 0.6641 0.1805 0.2806 0.1250 0.1908 0.2876 0.1186
0.9049 0.1798 0.3096 0.1173 0.2530 0.5914 0.1640 0.2542 0.0981 0.1437 0.3157 0.1555
0.9821 0.5920 0.6269 0.2922 0.4685 0.5832 0.3418 0.3491 0.1927 0.2586 0.4769 0.3014
0.9658 0.5769 0.4947 0.3805 0.8269 0.5013 0.3418 0.4402 0.2591 0.2819 0.4384 0.4167
0.8394 0.6983 0.6044 0.5676 0.5899 0.4275 0.2681 0.4366 0.2035 0.1727 0.2138 0.3662
0.2257 0.3870 0.6793 0.7967 0.7309 0.3904 0.2131 0.1694 0.1275 0.1552 0.1096 0.0989
0.1249 0.0925 0.1417 0.4119 0.8734 0.5712 0.1921 0.1269 0.1507 0.1526 0.0930 0.1112
0.2683 0.1093 0.1105 0.2176 0.3330 1.0000 0.1466 0.0911 0.1412 0.3711 0.1138 0.0892
0.5981 0.3957 0.3260 0.5583 0.6335 0.8291 0.4132 0.2708 0.3595 0.6126 0.3694 0.3231
0.9966 0.3987 0.2449 0.3447 0.3747 0.6521 0.2028 0.2389 0.2725 0.6674 0.2662 0.3799
0.6484 0.3820 0.3590 0.3666 0.3837 0.5835 0.3185 0.4051 0.4721 0.8981 0.4268 0.3311
0.1618 0.2443 0.1774 0.1705 0.4147 0.1639 0.1596 0.2263 0.2124 1.0000 0.1304 0.1387
0.4063 0.8197 0.4170 0.6090 0.6729 0.5151 0.3538 0.4863 0.4015 0.6590 0.3077 0.2753
0.1449 0.2553 0.1767 0.2932 0.9969 0.2269 0.1460 0.1240 0.2060 0.2701 0.1192 0.1454
0.3245 0.7744 0.6558 0.6132 0.7248 0.5195 0.3141 0.4186 0.3583 0.4532 0.3290 0.2797
0.2343 0.2022 0.9749 0.3414 0.3270 0.2942 0.3050 0.1375 0.2013 0.3317 0.1086 0.1461
0.4479 0.3808 0.8344 0.4749 0.5376 0.6280 0.3004 0.2449 0.3364 0.5088 0.2984 0.2353
0.1392 0.1744 0.2629 0.2224 0.4423 0.2325 0.1619 0.1967 0.1788 0.9734 0.1395 0.1237
0.3789 0.3280 0.7375 0.6154 0.7111 0.8816 0.5065 0.3432 0.2564 0.5592 0.3533 0.3097
0.2179 0.0876 0.1155 0.2962 0.2606 1.0000 0.1425 0.0962 0.1108 0.3112 0.1040 0.0860
0.4714 0.2787 0.2225 0.5340 0.5907 0.7425 0.2587 0.2339 0.2568 0.7332 0.3136 0.2158
0.2199 0.2884 0.2595 0.3210 0.5283 0.3640 0.2379 0.2806 0.2581 1.0000 0.1818 0.1992
0.5851 0.4798 0.4196 0.8673 0.6589 0.5884 0.4300 0.3861 0.3251 0.5685 0.6052 0.4381
0.1444 0.1411 0.7425 0.1815 0.2015 0.3715 0.1218 0.1199 0.1465 0.1514 0.9447 0.1338
0.3200 0.3226 0.7744 0.3912 0.5290 0.6979 0.3210 0.2199 0.2476 0.2220 0.5512 0.2498
0.2034 0.1008 0.4103 0.1609 0.2512 0.9930 0.1427 0.0975 0.0871 0.1622 0.1840 0.0793
0.3218 0.3698 0.7770 0.5162 0.5454 0.8142 0.3276 0.2896 0.2725 0.2227 0.5205 0.3053
0.2487 0.1707 1.0000 0.2193 0.1756 0.1360 0.2418 0.1089 0.1187 0.2835 0.1109 0.1169
0.4549 0.3374 0.7853 0.4598 0.5196 0.3036 0.5992 0.3130 0.3537 0.5448 0.3414 0.2481
0.2569 0.2132 0.4951 0.1980 0.4138 0.1641 0.2505 0.2066 0.2402 0.9925 0.1482 0.1560
0.5054 0.3351 0.6542 0.5223 0.6104 0.4116 0.4431 0.5674 0.4247 0.5422 0.2781 0.2255
0.1150 0.1050 0.2134 0.1158 0.1362 0.1196 0.1712 1.0000 0.1732 0.1627 0.1684 0.1010
0.2918 0.3319 0.6263 0.5470 0.4377 0.3673 0.5205 0.9611 0.3740 0.4169 0.4161 0.2638
0.2877 0.2588 1.0000 0.4085 0.4801 0.2788 0.5764 0.3224 0.4042 0.4098 0.2179 0.1963
0.4082 0.5731 0.8429 0.6380 0.6384 0.5154 0.3763 0.7952 0.4712 0.3315 0.4050 0.2784
0.9859 0.4118 0.4983 0.3405 0.5682 0.4252 0.3240 0.5191 0.4146 0.3308 0.2843 0.2798
1.0000 0.4375 0.3689 0.3203 0.3623 0.2826 0.3105 0.3738 0.3531 0.2449 0.2676 0.3423
1.0000 0.3735 0.2305 0.1508 0.2083 0.1092 0.1465 0.2471 0.1286 0.1232 0.1559 0.2901
0.7668 0.3894 0.1865 0.1977 0.4197 0.4940 0.3196 0.2790 0.1326 0.1146 0.1349 0.2721
0.2235 0.0778 0.1059 0.1818 0.2806 1.0000 0.1531 0.1140 0.0834 0.1817 0.0909 0.0792
0.4895 0.2883 0.2669 0.3428 0.5745 0.9405 0.3544 0.3041 0.3096 0.7433 0.3248 0.3105
0.9849 0.2481 0.2507 0.2491 0.4603 0.6098 0.2132 0.4466 0.1983 0.4159 0.2310 0.2468
0.6761 0.3893 0.2595 0.3777 0.5733 0.6827 0.3099 0.4561 0.4029 0.7490 0.3371 0.2574
0.1985 0.6097 0.1610 0.1684 0.5094 0.1894 0.1841 0.2196 0.2030 0.9865 0.1436 0.1655
0.2988 0.8843 0.2836 0.3876 0.5592 0.3478 0.2575 0.4218 0.3985 0.6073 0.2575 0.1797
0.1388 0.4142 0.1490 0.2954 0.9994 0.2045 0.1257 0.1519 0.2021 0.2793 0.0970 0.1260
0.3362 0.6339 0.4020 0.5085 0.8156 0.3352 0.2542 0.3567 0.3713 0.4744 0.2594 0.2325
0.2550 0.2069 0.9718 0.2253 0.2984 0.4603 0.2144 0.1357 0.1531 0.2909 0.0973 0.1293
0.3731 0.3955 0.6514 0.4453 0.4780 0.6503 0.3604 0.3407 0.3880 0.6648 0.2486 0.2211
0.2390 0.2505 0.5521 0.2150 0.4173 0.5767 0.2483 0.2440 0.2503 0.9814 0.1588 0.1535
0.4546 0.3648 0.6440 0.4345 0.4801 0.7038 0.4147 0.3056 0.2979 0.7444 0.3302 0.2587
0.1877 0.1508 1.0000 0.2601 0.2334 0.1808 0.4634 0.1578 0.1288 0.3366 0.1319 0.1572
0.3521 0.2532 0.4801 0.3664 0.7467 0.4994 0.6201 0.4119 0.4014 0.5273 0.3380 0.2679
0.3786 0.3871 0.4127 0.3737 0.5166 0.3603 0.4050 0.5429 0.7276 0.8286 0.4624 0.3808
0.5071 0.4091 0.8101 0.3252 0.3874 0.3043 0.4609 0.4364 0.3343 0.5300 0.3696 0.2931
0.4202 0.4014 0.9393 0.3363 0.2563 0.2297 0.3350 0.5851 0.3542 0.3539 0.5536 0.3280
0.2405 0.2303 0.7500 0.2367 0.1994 0.2253 0.2969 0.4528 0.2259 0.3418 0.8479 0.2498
0.3095 0.3682 0.7233 0.4722 0.6870 0.3546 0.4332 0.7148 0.3331 0.3603 0.5123 0.2933
0.4453 0.3770 0.9307 0.5829 0.6472 0.6066 0.4750 0.5920 0.3961 0.4541 0.4888 0.3512
0.3393 0.4442 0.7238 0.4022 0.4704 0.4157 0.4211 0.8386 0.4202 0.3744 0.4766 0.3010
0.3183 0.2787 0.5374 0.2455 0.3998 0.8091 0.4666 0.8989 0.2601 0.2391 0.3735 0.2035
0.4136 0.3833 0.7958 0.3770 0.5241 0.9153 0.3977 0.3934 0.2860 0.3428 0.5940 0.3179
0.4982 0.3767 0.5580 0.3577 0.6005 0.9241 0.3596 0.3032 0.2283 0.2887 0.5447 0.3831
1.0000 0.1258 0.1555 0.1211 0.3119 0.2213 0.1037 0.2736 0.0736 0.0790 0.1885 0.1671
0.8733 0.1511 0.5060 0.1541 0.3210 0.7193 0.1964 0.2694 0.1616 0.1670 0.4401 0.1735
0.9893 0.2013 0.5030 0.1638 0.2668 0.5324 0.1943 0.2219 0.1207 0.1589 0.3314 0.2014
0.9830 0.2898 0.2857 0.2195 0.3933 0.5350 0.2371 0.2829 0.1411 0.1726 0.2987 0.3277
0.8681 0.3774 0.3622 0.2976 0.7560 0.3822 0.2443 0.2974 0.2551 0.1810 0.4778 0.4208
0.7978 0.5707 0.6051 0.5388 0.5146 0.2922 0.2191 0.3477 0.1584 0.1385 0.2377 0.3048
0.2643 0.3752 0.7237 0.7424 0.7040 0.3965 0.2727 0.2062 0.1442 0.1866 0.1271 0.1247
0.1345 0.1181 0.1372 0.4292 0.8593 0.6114 0.2105 0.1786 0.1415 0.1313 0.0856 0.1225
0.2046 0.1022 0.1059 0.2163 0.2853 1.0000 0.1320 0.0839 0.1344 0.3558 0.1055 0.0752
0.5374 0.4679 0.3592 0.5084 0.5486 0.6773 0.2806 0.2845 0.3154 0.7852 0.3392 0.3587
0.9833 0.2752 0.2115 0.2142 0.4412 0.3898 0.1899 0.3082 0.2103 0.5950 0.2169 0.3240
0.7782 0.4270 0.4087 0.4642 0.6389 0.5450 0.2980 0.3385 0.3885 0.7618 0.3735 0.3756
0.2080 0.2590 0.1972 0.1633 0.4365 0.1803 0.1658 0.2298 0.2056 1.0000 0.1364 0.1477
0.3694 0.7109 0.4155 0.6226 0.7419 0.4780 0.3602 0.5815 0.4613 0.5802 0.3460 0.2220
0.1487 0.2595 0.1786 0.3268 0.9892 0.2109 0.1184 0.1243 0.1965 0.2854 0.1133 0.1408
0.3329 0.7288 0.6694 0.7181 0.6675 0.4612 0.3356 0.3547 0.3341 0.4469 0.3384 0.2892
0.2400 0.2048 0.9787 0.2854 0.3166 0.2479 0.2896 0.1399 0.1782 0.2871 0.1259 0.1459
0.4362 0.3545 0.8804 0.4573 0.4615 0.4544 0.2657 0.2702 0.3487 0.6257 0.3111 0.2808
0.1732 0.2087 0.3305 0.1947 0.4485 0.3227 0.1651 0.2279 0.2233 0.9825 0.1445 0.1360
0.6484 0.6040 0.7951 0.7670 0.7643 0.7764 0.3745 0.3326 0.3936 0.7365 0.4071 0.3402
0.2579 0.2585 0.3930 0.5478 0.3020 0.2779 0.1848 0.2155 0.2629 0.7118 0.3354 0.2352
0.2380 0.2763 0.4925 0.2343 0.3167 0.2368 0.2357 0.2586 0.7237 0.3768 0.2677 0.2643
0.2844 0.5458 0.2475 0.4209 0.1788 0.2400 0.2320 0.6198 0.3127 0.2349 0.4611 0.1787
0.6641 0.2985 0.2559 0.2197 0.2663 0.3188 0.5593 0.3577 0.2478 0.4987 0.4098 0.3065
0.2979 0.2382 0.5959 0.2502 0.2736 0.7008 0.3142 0.2224 0.1996 0.3124 0.8695 0.2888
0.4037 0.3824 0.7190 0.3554 0.4168 0.7881 0.3879 0.2872 0.2187 0.2315 0.5063 0.3889
0.3794 0.3010 0.6049 0.3140 0.2815 0.6192 0.3842 0.1695 0.1245 0.2127 0.2286 0.5452
0.4095 0.2748 0.5366 0.2486 0.2958 0.7233 0.2753 0.1525 0.1570 0.2938 0.2207 0.3955
0.7401 0.2894 0.1743 0.1391 0.3513 0.6286 0.2112 0.1793 0.1655 0.3608 0.2182 0.2235
0.7332 0.3146 0.3433 0.2052 0.3409 0.4500 0.2420 0.3350 0.2416 0.8193 0.2273 0.1710
0.5984 0.2799 0.9254 0.2068 0.2927 0.2065 0.3459 0.3222 0.1774 0.4663 0.1315 0.1727
0.5974 0.2718 0.3928 0.3245 0.8679 0.5000 0.6573 0.6424 0.3386 0.4333 0.2458 0.2284
0.3456 0.2124 0.3378 0.2782 0.3531 0.5624 0.3767 0.9560 0.3380 0.1872 0.1459 0.1411
0.8912 0.4878 0.4412 0.4749 0.7686 0.7240 0.3449 0.6667 0.3600 0.3505 0.2800 0.3412
0.6499 0.4316 0.3035 0.3699 0.6445 0.5840 0.3287 0.4602 0.3585 0.7930 0.3382 0.3093
0.7402 0.5041 0.4271 0.3429 0.5694 0.4744 0.3744 0.3353 0.2336 0.7022 0.3297 0.3639
0.8424 0.7066 0.7721 0.2465 0.3172 0.2948 0.2242 0.3760 0.2362 0.2847 0.7423 0.5191
0.2918 0.2831 0.8342 0.2284 0.2580 0.2676 0.2408 0.2421 0.2673 0.3429 0.9516 0.3619
0.2637 0.2521 0.7579 0.2383 0.6890 0.2833 0.2680 0.6716 0.2798 0.2841 0.7657 0.3127
0.2050 0.2575 0.8806 0.2447 0.6694 0.2728 0.2852 0.5766 0.2353 0.3063 0.6445 0.2750
0.4382 0.4698 0.8896 0.3672 0.6341 0.2974 0.3542 0.4506 0.2560 0.3397 0.5709 0.3913
0.9507 0.4739 0.2018 0.1395 0.3424 0.1892 0.1733 0.2040 0.1839 0.2634 0.4883 0.4269
0.5879 0.2771 0.2343 0.2130 0.5515 0.3535 0.3721 0.4757 0.3137 0.2348 0.5829 0.3541
0.3438 0.1604 0.1942 0.2754 0.6759 0.3551 0.3218 0.6271 0.1917 0.1194 0.1974 0.1912
0.3190 0.1636 0.2121 0.5842 0.9375 0.3472 0.1807 0.1753 0.1620 0.1733 0.4028 0.2524
0.4419 0.2685 0.4181 0.9798 0.6719 0.2818 0.2177 0.2675 0.2684 0.3585 0.4054 0.2417
0.5980 0.2915 0.6250 0.4864 0.6196 0.3137 0.3056 0.4708 0.6894 0.2978 0.3339 0.3111
0.5588 0.1827 0.1735 0.2350 0.6278 0.3820 0.4006 0.6932 0.2399 0.1444 0.2492 0.2428
0.3981 0.2276 0.2180 0.3971 0.6039 0.9165 0.4055 0.3273 0.2719 0.3462 0.4000 0.2818
0.5450 0.4116 0.4833 0.2828 0.4472 0.4374 0.3512 0.8381 0.4270 0.4957 0.6304 0.3816
0.7277 0.7877 0.5616 0.4068 0.6537 0.3482 0.3158 0.3250 0.2842 0.6416 0.4466 0.5062
0.4846 0.4903 0.9010 0.4625 0.5727 0.5885 0.3484 0.3320 0.2677 0.3401 0.6426 0.3943
0.7449 0.3843 0.5009 0.3883 0.8270 0.5949 0.3157 0.3503 0.2885 0.2478 0.2848 0.3618
0.1612 0.1928 0.5031 0.2223 0.8109 0.4410 0.2698 0.6109 0.1846 0.2716 0.3027 0.1697
0.2186 0.1495 0.2385 0.2379 0.7945 0.3060 0.2407 0.9830 0.1638 0.1646 0.3763 0.1708
0.5868 0.5639 0.5676 0.7086 0.7381 0.8591 0.4314 0.6273 0.3520 0.3883 0.5201 0.3309
0.0832 0.1180 0.3320 0.0859 0.0879 0.1503 0.0554 0.0886 0.1279 0.0945 0.9448 0.0716
0.3877 0.4039 0.9239 0.3040 0.3232 0.6301 0.3059 0.3147 0.2365 0.2438 0.5512 0.3565
0.1542 0.1923 0.3935 0.1657 0.1162 0.1833 0.1947 0.1102 0.1005 0.0924 0.1413 0.9201
0.3715 0.3433 0.8256 0.2526 0.1836 0.2824 0.1830 0.1879 0.1724 0.1922 0.2631 0.7270
0.9194 0.1549 0.3300 0.0987 0.1343 0.1817 0.1089 0.1311 0.0949 0.1807 0.1028 0.1342
0.7205 0.3573 0.6677 0.2970 0.3934 0.8388 0.3364 0.3089 0.3256 0.4978 0.3087 0.4265
0.1326 0.1217 0.9801 0.0941 0.0848 0.1046 0.3915 0.0784 0.0603 0.1307 0.0537 0.0587
0.5760 0.3138 0.6934 0.2355 0.2425 0.2344 0.7076 0.2933 0.1934 0.1667 0.2537 0.1816
