117 12 88
0.0317 0.0288 0.0320 0.0346 0.0491 0.0681 0.0388 0.0304 0.1402 1.0000 0.1072 0.0451
0.0729 0.0769 0.0886 0.1054 0.1532 0.9373 0.1235 0.0841 0.1699 0.9266 0.1521 0.0852
0.2467 0.1542 0.1129 0.0994 0.1190 0.8642 0.1349 0.0982 0.1560 0.5711 0.1591 0.1706
0.9525 0.1517 0.0979 0.0810 0.1183 0.2922 0.1036 0.0751 0.0924 0.1879 0.1018 0.1423
0.2244 0.0611 0.0670 0.0923 0.1454 1.0000 0.1375 0.0846 0.1101 0.4309 0.0861 0.0614
0.2111 0.1739 0.2668 0.1867 0.5163 0.8655 0.1378 0.1152 0.1366 0.4417 0.1142 0.0909
0.1002 0.1355 0.9144 0.1885 0.2027 0.3053 0.1306 0.1162 0.1364 0.2119 0.1098 0.0820
0.0658 0.0657 0.1400 0.0910 0.1430 0.9402 0.1238 0.1032 0.1517 0.6999 0.1366 0.0732
0.2595 0.1713 0.1274 0.1117 0.1254 0.5958 0.1081 0.1033 0.1724 0.8905 0.2073 0.1890
0.9410 0.2048 0.2274 0.1198 0.1032 0.1423 0.0670 0.0610 0.0879 0.1679 0.0928 0.1364
0.4230 0.2318 0.8814 0.1664 0.1402 0.3381 0.0816 0.0824 0.1119 0.3062 0.1271 0.1856
0.9099 0.1686 0.2177 0.0904 0.0997 0.1467 0.1619 0.2686 0.1669 0.1553 0.1019 0.1359
0.1569 0.0786 0.0897 0.1250 0.0853 0.0820 0.1418 1.0000 0.1808 0.1191 0.0721 0.0657
0.1091 0.0814 0.1536 1.0000 0.1345 0.0807 0.1315 0.7123 0.1459 0.0873 0.0666 0.0571
0.0733 0.0700 0.1182 0.9063 0.1048 0.0613 0.0806 0.6910 0.1078 0.1282 0.2159 0.0973
0.0670 0.0574 0.0831 0.2061 0.0728 0.0522 0.0469 0.1367 0.0787 0.1023 0.9637 0.1023
0.0472 0.0483 0.1170 0.9905 0.1032 0.0772 0.0854 0.5973 0.0880 0.0739 0.6372 0.0628
0.1931 0.0983 0.1183 0.9338 0.0736 0.0757 0.0805 0.6493 0.0768 0.0738 0.7099 0.1066
0.9369 0.1275 0.1480 0.2573 0.1017 0.0719 0.0767 0.1776 0.0609 0.0507 0.0764 0.0765
0.1333 0.0721 0.5110 1.0000 0.0946 0.0591 0.0791 0.4895 0.0820 0.0674 0.0597 0.0647
0.6448 0.0772 0.1465 0.9814 0.0943 0.0598 0.0781 0.6360 0.0864 0.0992 0.1769 0.1081
0.1047 0.0295 0.0323 0.1136 0.0404 0.0525 0.0388 0.1320 0.0487 0.0776 1.0000 0.0682
0.0265 0.0219 0.0552 0.1152 0.0326 0.0623 0.0408 0.7191 0.0533 0.0517 0.9958 0.0481
0.0308 0.0336 0.0623 0.8293 0.0580 0.0720 0.0382 0.1296 0.0705 0.1647 0.9702 0.0717
0.0310 0.0348 0.0340 0.0906 0.0721 0.0677 0.0312 0.0451 0.0868 1.0000 0.1279 0.0442
0.0403 0.0240 0.0233 0.0328 0.0966 0.5335 0.0552 0.0377 0.0747 1.0000 0.0737 0.0302
0.1678 0.0700 0.0434 0.0457 0.1215 0.8005 0.0742 0.0513 0.0840 0.9777 0.0827 0.0715
0.9886 0.0970 0.0492 0.0534 0.0833 0.2419 0.0612 0.0869 0.0525 0.1916 0.0600 0.0828
0.9651 0.0667 0.0344 0.0524 0.1563 0.8949 0.0836 0.0895 0.0654 0.7882 0.0640 0.0710
0.2341 0.0823 0.1213 0.1008 0.8736 0.9707 0.0686 0.0435 0.0645 0.7540 0.0737 0.1091
0.0683 0.0753 1.0000 0.1021 0.1371 0.1815 0.0499 0.0340 0.0540 0.2099 0.0511 0.0341
0.1093 0.0585 0.8409 0.0669 0.1403 0.8923 0.0661 0.0412 0.0662 0.8385 0.0738 0.0401
0.1925 0.0779 0.9459 0.0739 0.1447 0.9553 0.0662 0.0341 0.0583 0.7597 0.0675 0.0541
1.0000 0.0914 0.1938 0.0568 0.0589 0.1602 0.0388 0.0998 0.0400 0.1435 0.0464 0.0684
0.3569 0.1067 0.9183 0.0916 0.1492 0.8759 0.0577 0.0354 0.0473 0.7600 0.0597 0.0718
0.9968 0.0711 0.1121 0.0373 0.1221 0.7495 0.0651 0.1800 0.0763 0.5919 0.0515 0.0655
0.1841 0.0439 0.1023 0.0541 0.0467 0.1349 0.0675 1.0000 0.0805 0.0898 0.0342 0.0436
0.0323 0.0334 0.1078 0.5716 0.0353 0.0323 0.0497 1.0000 0.0468 0.0287 0.0667 0.0240
0.0247 0.0297 0.0982 0.5348 0.0374 0.0258 0.0546 1.0000 0.0488 0.0373 0.0996 0.0347
0.0308 0.0313 0.0486 0.2125 0.0408 0.0791 0.0559 0.2438 0.0457 0.0585 0.9938 0.0537
0.0229 0.0281 0.1035 0.8258 0.0460 0.0701 0.0437 0.5735 0.0381 0.0441 1.0000 0.0457
0.1116 0.0573 0.1156 0.7345 0.0467 0.0762 0.0445 0.5707 0.0431 0.0522 1.0000 0.0758
1.0000 0.0872 0.0889 0.2086 0.0476 0.0527 0.0392 0.2034 0.0367 0.0389 0.1521 0.0681
0.2654 0.0973 0.8856 0.9962 0.0723 0.0456 0.0671 0.7271 0.0588 0.1504 0.1603 0.0746
0.9768 0.0676 0.2156 0.8696 0.0520 0.0368 0.0444 0.6951 0.0486 0.0502 0.2196 0.0910
0.1298 0.0238 0.0355 0.1066 0.0249 0.0893 0.0283 0.1021 0.0247 0.0463 1.0000 0.0537
0.0270 0.0217 0.0957 0.0468 0.0244 0.0772 0.0352 0.4777 0.0295 0.0398 1.0000 0.0461
0.0325 0.0322 0.0555 0.8064 0.0501 0.1018 0.0364 0.0897 0.0487 0.0905 1.0000 0.0623
0.0516 0.0413 0.0527 0.2189 0.2048 0.1607 0.0689 0.0720 0.0943 1.0000 0.2683 0.0520
0.2151 0.0368 0.0343 0.0690 0.3466 0.8675 0.1089 0.0408 0.0696 0.9784 0.0774 0.0370
0.2992 0.0592 0.0421 0.0577 0.3468 0.9415 0.0861 0.0550 0.0649 0.8443 0.0683 0.0804
0.9946 0.0715 0.0345 0.0464 0.0682 0.3706 0.0732 0.3294 0.0534 0.2573 0.0555 0.0732
0.8604 0.0745 0.0482 0.0856 0.3039 0.9004 0.1156 0.3014 0.0624 0.8184 0.0741 0.0724
0.3218 0.0512 0.1131 0.0850 0.5052 0.9675 0.0679 0.0394 0.0425 0.6666 0.0578 0.2030
0.1480 0.0657 0.9722 0.1015 0.1677 0.4815 0.0689 0.0412 0.0435 0.4337 0.0610 0.0510
0.1889 0.0472 0.5037 0.0688 0.2368 0.8715 0.0921 0.0506 0.0647 0.8368 0.0672 0.0447
0.3107 0.0651 0.4356 0.0610 0.2081 0.7025 0.0933 0.0534 0.0561 0.8871 0.0705 0.0846
0.9790 0.1064 0.2342 0.0804 0.0944 0.3772 0.0834 0.2612 0.0594 0.2528 0.0697 0.1015
0.5038 0.0946 0.8439 0.0769 0.1696 0.6734 0.0663 0.0414 0.0410 0.8122 0.0621 0.0700
0.9619 0.0766 0.2230 0.0523 0.1653 0.3923 0.0838 0.3058 0.0875 0.4631 0.0429 0.0675
0.4931 0.0506 0.1636 0.0914 0.0570 0.1202 0.0959 1.0000 0.1216 0.0709 0.0326 0.0378
0.1660 0.0470 0.2363 0.9068 0.0665 0.0727 0.0795 0.9176 0.0718 0.0332 0.1220 0.0288
0.0296 0.0301 0.1566 0.9714 0.0524 0.0411 0.0449 0.6883 0.0503 0.0409 0.1984 0.0594
0.0340 0.0294 0.0673 0.4833 0.0563 0.1228 0.0777 0.3455 0.0571 0.0507 0.9891 0.0641
0.0380 0.0422 0.2063 0.7926 0.1019 0.1180 0.0756 0.8042 0.0830 0.0518 0.7478 0.0648
0.0917 0.0420 0.1038 0.9889 0.0600 0.0599 0.0449 0.4869 0.0502 0.0290 0.3209 0.0581
0.9614 0.0739 0.1413 0.3932 0.0572 0.0570 0.0515 0.3155 0.0517 0.0309 0.0946 0.0716
0.2945 0.0716 0.9323 0.5408 0.0513 0.0318 0.0429 0.3412 0.0595 0.0727 0.0881 0.0769
0.9614 0.0719 0.3692 0.5482 0.0540 0.0450 0.0497 0.3716 0.0614 0.0608 0.2106 0.0955
0.7455 0.0663 0.4191 0.3032 0.0524 0.0689 0.0770 0.4019 0.0783 0.0624 0.8797 0.1064
0.4807 0.0644 0.5790 0.5971 0.0694 0.0643 0.0699 0.8552 0.1095 0.0606 0.6793 0.0865
0.1256 0.0346 0.0730 0.9437 0.0577 0.0425 0.0429 0.1918 0.0702 0.1435 0.1404 0.0553
0.1664 0.0368 0.0539 0.5593 0.0722 0.0995 0.0676 0.2092 0.1046 0.9486 0.1362 0.0416
0.0548 0.0382 0.0608 0.2707 0.0842 0.9754 0.0942 0.0620 0.0933 0.6000 0.1404 0.0459
0.1651 0.0723 0.0446 0.0381 0.0917 0.7816 0.1005 0.0479 0.0591 0.7788 0.0983 0.0727
0.9679 0.1052 0.0559 0.0589 0.1049 0.4301 0.0995 0.1268 0.0639 0.3780 0.1061 0.1119
0.5573 0.0773 0.0590 0.0791 0.2656 0.9574 0.1305 0.0776 0.0721 0.6127 0.1195 0.0838
0.2980 0.0784 0.1377 0.1099 0.6538 0.8814 0.1158 0.0881 0.0664 0.6847 0.0875 0.1327
0.1367 0.0618 0.9752 0.1120 0.2721 0.2927 0.1091 0.0780 0.0751 0.2445 0.0885 0.0606
0.1783 0.0666 0.6246 0.0969 0.2405 0.8259 0.1389 0.0796 0.0993 0.8406 0.1313 0.0743
0.3268 0.1194 0.3863 0.0682 0.2020 0.7965 0.0823 0.0618 0.0758 0.7680 0.0966 0.1085
0.9651 0.1354 0.2372 0.0860 0.1335 0.4827 0.1054 0.1792 0.0743 0.2321 0.0799 0.0911
0.4458 0.1131 0.9644 0.1112 0.1704 0.7662 0.1131 0.1001 0.0681 0.5538 0.0983 0.0954
0.9654 0.1267 0.5193 0.0933 0.1400 0.5194 0.1585 0.3988 0.1341 0.4095 0.0846 0.1026
0.3699 0.0827 0.4050 0.1747 0.1241 0.2517 0.1280 0.9572 0.1678 0.1776 0.0662 0.0723
0.1653 0.0513 0.2226 0.8780 0.1158 0.1145 0.0701 0.8023 0.0948 0.0855 0.1326 0.0521
0.0858 0.0476 0.2276 0.8364 0.1043 0.0860 0.0708 0.8418 0.1064 0.1232 0.2999 0.1132
0.0566 0.0419 0.1051 0.5048 0.0897 0.1611 0.0676 0.4319 0.0839 0.0955 0.9787 0.1250
0.0434 0.0467 0.2022 0.9994 0.0984 0.0783 0.0824 0.5397 0.0972 0.0653 0.3971 0.0734
0.2180 0.1393 0.2736 0.8974 0.1205 0.1264 0.0955 0.7391 0.1085 0.0896 0.6031 0.1557
0.9002 0.1904 0.2922 0.5916 0.1217 0.0983 0.0877 0.5079 0.1055 0.0712 0.2483 0.1161
0.3009 0.1225 0.8821 0.8280 0.0987 0.0641 0.0797 0.4133 0.0767 0.1115 0.1559 0.0987
0.6495 0.1078 0.4100 0.9759 0.1135 0.0805 0.0737 0.4972 0.0811 0.1052 0.2801 0.1224
0.2692 0.0702 0.3160 0.6689 0.0803 0.1758 0.0996 0.3562 0.0926 0.1340 0.8654 0.1371
0.2756 0.0662 0.4446 0.5103 0.0903 0.0933 0.0767 0.8827 0.0940 0.0778 0.8165 0.0959
0.1578 0.0509 0.1222 0.9197 0.1045 0.0932 0.0635 0.2715 0.1175 0.2206 0.4958 0.0825
0.1456 0.0682 0.1126 0.4604 0.2165 0.1423 0.0733 0.2484 0.1322 1.0000 0.2880 0.0884
0.3090 0.0916 0.1056 0.4734 0.3163 0.8298 0.1352 0.2070 0.1222 0.9759 0.2202 0.0885
0.4211 0.1579 0.1116 0.3017 0.2644 0.8499 0.1229 0.1551 0.1100 0.7504 0.1579 0.1431
0.9746 0.1556 0.0957 0.1029 0.2038 0.4076 0.1232 0.2436 0.0906 0.3652 0.1224 0.1221
0.8516 0.1128 0.0626 0.1041 0.3835 0.8822 0.1572 0.1244 0.0908 0.6851 0.1411 0.1005
0.2760 0.1431 0.2193 0.1287 0.6512 0.8958 0.0949 0.0995 0.0777 0.5200 0.0987 0.1933
0.2068 0.1141 0.9620 0.1344 0.2911 0.4158 0.0768 0.0639 0.0828 0.3633 0.1019 0.0863
0.3241 0.1199 0.7838 0.1186 0.3865 0.7636 0.1157 0.0807 0.1330 0.8253 0.1734 0.1441
0.4238 0.1536 0.5622 0.1148 0.3190 0.8559 0.1235 0.0840 0.1002 0.7685 0.1500 0.1405
0.9280 0.2306 0.4333 0.1582 0.1824 0.4122 0.1172 0.3104 0.0949 0.3535 0.1213 0.1391
0.5187 0.2304 0.8867 0.1799 0.2400 0.6274 0.1082 0.1272 0.0938 0.5919 0.1270 0.1468
0.8935 0.1384 0.2276 0.0769 0.1220 0.4430 0.1637 0.4317 0.1611 0.3656 0.0877 0.1084
0.1601 0.0630 0.1722 0.1091 0.1085 0.1755 0.1378 1.0000 0.1576 0.1586 0.0589 0.0427
0.1763 0.0876 0.3596 0.7281 0.1559 0.1705 0.1576 0.9995 0.1469 0.1492 0.2713 0.0759
0.1147 0.0735 0.2782 0.8153 0.1263 0.1210 0.0936 0.9446 0.1166 0.1429 0.3398 0.0898
0.0796 0.0515 0.1254 0.2666 0.1006 0.2054 0.0872 0.3916 0.1219 0.1213 0.9643 0.1025
0.0712 0.0618 0.2872 0.9219 0.1045 0.1168 0.1132 0.6596 0.1292 0.0940 0.6952 0.0932
0.2324 0.1449 0.2809 0.8820 0.1404 0.1572 0.1323 0.7955 0.1351 0.1097 0.7256 0.1704
0.9794 0.1759 0.2102 0.3372 0.1340 0.1011 0.0922 0.3337 0.0999 0.0830 0.2651 0.1168
0.3225 0.1987 0.8340 0.8723 0.1724 0.0999 0.1165 0.5593 0.1292 0.2268 0.2987 0.1326
0.7567 0.1325 0.3450 0.8964 0.1118 0.0740 0.0773 0.5494 0.1088 0.1476 0.3855 0.1462
