283 12 212
0.7754 0.7263 0.7355 0.7709 0.6913 0.6564 0.6510 0.6437 0.7109 0.6421 0.5988 0.5511
0.2765 0.2373 0.1924 0.1559 0.1802 0.2517 0.1813 0.1987 0.2686 0.6297 0.8866 0.4537
0.3300 0.4312 0.3710 0.3925 0.2783 0.2779 0.5240 0.6192 0.3734 0.3969 0.4427 0.5185
0.3177 0.4575 0.2679 0.2679 0.2771 0.2044 0.2034 0.3380 0.4971 0.6931 0.4806 0.3904
0.2431 0.1935 0.2558 0.2035 0.2417 0.2034 0.1886 0.2289 0.3076 0.6530 0.6456 0.4475
0.3058 0.3811 0.3614 0.2685 0.2427 0.2508 0.4854 0.7623 0.6071 0.4609 0.6066 0.3970
0.3769 0.4148 0.4772 0.5607 0.4531 0.4549 0.3844 0.3834 0.4427 0.4060 0.5000 0.5040
0.2008 0.2953 0.5250 0.8020 0.2658 0.1554 0.1441 0.1659 0.1664 0.1876 0.2465 0.2524
0.2666 0.1926 0.2100 0.1786 0.1790 0.2417 0.2828 0.3866 0.6291 0.6562 0.6537 0.4444
0.4910 0.5661 0.6263 0.5808 0.6100 0.6074 0.5455 0.5361 0.6077 0.5397 0.5639 0.4796
0.3714 0.4812 0.4739 0.6951 0.4198 0.6278 0.5412 0.2908 0.2299 0.1909 0.2086 0.1969
0.3409 0.4023 0.4034 0.5632 0.4648 0.4330 0.4178 0.5058 0.7932 0.4244 0.3069 0.3245
0.1565 0.1765 0.2277 0.3587 0.5099 0.6835 0.6413 0.4744 0.3063 0.2807 0.2341 0.1350
0.4710 0.4586 0.2970 0.2516 0.4202 0.3338 0.3029 0.2776 0.3495 0.3471 0.3211 0.2205
0.2605 0.3029 0.2599 0.2692 0.5150 0.8026 0.6614 0.4176 0.2629 0.1863 0.1560 0.1525
0.1210 0.1091 0.1252 0.2638 0.3486 0.3933 0.2815 0.3484 0.2576 0.3284 0.3415 0.1348
0.6214 0.6082 0.5508 0.2772 0.1916 0.1228 0.1186 0.1193 0.1586 0.1936 0.1666 0.3022
0.3969 0.3588 0.3378 0.2674 0.3480 0.3771 0.2761 0.2442 0.4447 0.7296 0.6839 0.4499
0.4672 0.3495 0.3424 0.2527 0.3190 0.2966 0.2689 0.3212 0.5281 0.9211 0.4680 0.3051
0.5708 0.5776 0.3929 0.2448 0.1936 0.1289 0.0880 0.1556 0.1311 0.1148 0.1011 0.2413
0.6135 0.5194 0.6132 0.5750 0.8470 0.7354 0.6388 0.5489 0.7302 0.7120 0.5846 0.4317
0.3421 0.3941 0.2287 0.1737 0.1690 0.2124 0.2348 0.5302 0.6221 0.4219 0.5035 0.2879
0.7103 0.7265 0.4586 0.2986 0.2079 0.1463 0.1348 0.2451 0.2262 0.2223 0.1807 0.2193
0.6904 0.6247 0.5906 0.6248 0.3706 0.4057 0.4751 0.6664 0.4519 0.5578 0.5337 0.5572
0.5089 0.3451 0.4100 0.4575 0.4652 0.4979 0.5280 0.4849 0.4700 0.4497 0.7094 0.5978
0.5421 0.4522 0.2233 0.1553 0.1486 0.1616 0.1312 0.1925 0.1779 0.2683 0.6155 0.5296
0.6300 0.8205 0.3122 0.2152 0.2064 0.2739 0.2562 0.3097 0.4761 0.4223 0.4406 0.4403
0.4794 0.4653 0.4364 0.4475 0.5584 0.3870 0.5314 0.8348 0.8169 0.5417 0.4781 0.3707
0.7741 0.5709 0.4587 0.4588 0.6232 0.3892 0.4164 0.5528 0.3704 0.3656 0.3252 0.3567
0.4020 0.3880 0.3408 0.3675 0.5684 0.8974 0.4519 0.2620 0.1997 0.2759 0.2386 0.2246
0.1885 0.1220 0.0921 0.1252 0.1295 1.0000 0.1553 0.0786 0.1413 0.1174 0.0837 0.1128
0.4566 0.3377 0.3502 0.3509 0.3468 0.8636 0.3866 0.2808 0.5541 0.4426 0.7480 0.5145
0.7866 0.5836 0.5789 0.5393 0.4635 0.7618 0.4671 0.4227 0.6291 0.4104 0.7413 0.5147
0.3970 0.3277 0.4491 0.6823 0.4465 0.4246 0.3992 0.4114 0.7710 0.3824 0.3921 0.3516
0.1717 0.1156 0.1747 1.0000 0.3613 0.4047 0.1270 0.2011 0.1194 0.1142 0.1789 0.2104
0.3352 0.2090 0.3540 1.0000 0.3188 0.7087 0.3127 0.3952 0.3301 0.2433 0.2819 0.2171
0.4015 0.2292 0.3717 1.0000 0.3964 0.5734 0.4867 0.4357 0.7213 0.3653 0.2492 0.2681
0.4101 0.4058 0.5077 0.7281 0.5576 0.3693 0.4852 0.9077 0.5192 0.2631 0.2953 0.3504
0.4517 0.9102 0.3526 0.3576 0.3477 0.3533 0.4166 0.3361 0.3559 0.2688 0.2237 0.2208
0.2105 1.0000 0.2354 0.1820 0.1334 0.3179 0.2853 0.2080 0.2289 0.1787 0.1435 0.1529
0.4186 0.6847 0.3081 0.5562 0.4632 0.9741 0.5062 0.6742 0.5474 0.3571 0.4670 0.4014
0.4278 0.7424 0.4693 0.5071 0.6611 0.9093 0.8541 0.7313 0.5530 0.5376 0.6233 0.5121
0.4049 0.5497 0.3890 0.4217 0.5569 0.9919 0.4564 0.5170 0.4827 0.4662 0.6101 0.5533
0.8830 0.7608 0.8467 0.6037 0.7095 0.5882 0.4602 0.6119 0.5587 0.5723 0.8337 0.6432
0.7367 0.8597 0.9341 0.7304 0.8982 0.6019 0.5839 0.7070 0.3105 0.5785 0.4868 0.3083
0.9102 0.6426 0.5339 0.5367 0.4568 0.4573 0.4582 0.5369 0.5010 0.7989 0.5587 0.8033
0.8181 0.4884 0.2916 0.4523 0.4213 0.2974 0.2394 0.3861 0.4391 0.6876 0.9780 0.7046
0.8634 0.5388 0.6176 0.6237 0.6678 0.4869 0.3406 0.6950 0.8851 0.6634 0.8001 0.7737
0.9451 0.6944 0.7920 0.5085 0.6472 0.3611 0.3832 0.6277 0.7907 0.5410 0.7288 0.8874
0.8539 0.9287 0.6614 0.4452 0.4021 0.3332 0.3390 0.5163 0.6099 0.5369 0.5374 0.6294
0.6469 0.4329 0.3176 0.2470 0.2395 0.2681 0.2993 0.2222 0.2176 0.3271 0.7019 0.7861
0.7609 0.3771 0.2626 0.1933 0.2997 0.7837 0.6375 0.3598 0.2487 0.2593 0.2823 0.3734
0.2526 0.1782 0.1286 0.0863 0.2090 1.0000 0.3191 0.1403 0.1087 0.1128 0.1060 0.1225
0.2979 0.2895 0.3151 0.3733 0.7216 0.8041 0.2443 0.1647 0.2014 0.2755 0.3247 0.2861
0.6201 0.2804 0.1318 0.2022 0.2684 0.1602 0.2303 0.2723 0.3991 0.5345 0.3710 0.3933
0.9887 0.5374 0.3458 0.3953 0.4602 0.3537 0.4472 0.4780 0.3872 0.5322 0.4937 0.7161
0.9389 0.5655 0.5141 0.6771 0.6685 0.6329 0.6205 0.5516 0.5584 0.6707 0.6639 0.8018
0.4511 0.4656 0.4525 0.4673 0.6800 0.4614 0.2705 0.1889 0.1808 0.1839 0.2776 0.3874
0.6528 0.1990 0.2590 0.1922 0.2481 0.2014 0.1916 0.3171 0.1775 0.1489 0.5274 0.4643
0.3998 0.3655 0.3401 0.2646 0.6374 0.8998 0.5116 0.2691 0.2481 0.2148 0.2095 0.3161
0.1805 0.1164 0.2120 0.1763 0.2115 1.0000 0.3439 0.1317 0.0930 0.1092 0.1016 0.0946
0.0870 0.4862 0.6426 0.2287 0.4838 0.7630 0.1927 0.0842 0.1500 0.1189 0.0610 0.1058
0.4348 0.9723 0.3440 0.2723 0.2896 0.2736 0.1567 0.1499 0.2845 0.1829 0.1837 0.1955
0.8069 0.7437 0.2486 0.2036 0.2758 0.1731 0.1139 0.2724 0.2332 0.1442 0.1779 0.2831
0.6565 0.7423 0.5689 0.5684 0.6120 0.4862 0.4023 0.5226 0.5779 0.5597 0.6021 0.5652
0.8703 0.5405 0.2680 0.2087 0.1797 0.1567 0.1863 0.2766 0.2014 0.1719 0.2722 0.6437
0.6509 0.4468 0.2420 0.1817 0.2007 0.2551 0.2652 0.2378 0.2239 0.3593 0.7914 0.8021
0.4262 0.4565 0.5047 0.7301 0.3888 0.6440 0.4891 0.3208 0.2280 0.3062 0.4296 0.3412
0.2643 0.1802 0.2002 0.1465 0.1934 1.0000 0.4591 0.1827 0.1452 0.1579 0.1590 0.1703
0.1248 0.1131 0.2165 0.3183 0.6837 0.9752 0.1471 0.0776 0.0925 0.0701 0.0962 0.1109
0.5182 0.5466 0.4832 0.4197 0.5718 0.5131 0.3920 0.3291 0.3707 0.6542 0.6233 0.6505
0.8010 0.8529 0.6929 0.6038 0.5605 0.5639 0.5146 0.6942 0.5542 0.4662 0.4737 0.5137
0.8088 0.7079 0.8134 0.6145 0.4450 0.4265 0.5168 0.7333 0.5093 0.5307 0.6418 0.6558
0.5467 0.3998 0.4460 0.6126 0.7795 0.6666 0.4652 0.6664 0.5463 0.4046 0.4035 0.4409
0.5069 0.3380 0.4214 0.3618 0.3515 0.4895 0.2798 0.1721 0.1797 0.1701 0.5847 0.6439
0.7713 0.4824 0.3762 0.4097 0.5338 0.4768 0.3913 0.4616 0.2910 0.2572 0.3591 0.3730
0.3301 0.3499 0.1982 0.1589 0.2594 0.8363 0.7953 0.3205 0.1743 0.2322 0.2487 0.2158
0.1564 0.0868 0.0715 0.0647 0.3285 1.0000 0.2736 0.0992 0.1089 0.0815 0.0727 0.0992
0.0804 0.1230 0.1298 0.5258 0.7618 0.6366 0.1670 0.2348 0.1080 0.0700 0.1141 0.0938
0.2973 0.3081 0.8647 0.8247 0.4063 0.2869 0.4525 0.2977 0.2274 0.2980 0.2651 0.1985
0.6085 0.7721 0.7974 0.5631 0.6186 0.6631 0.6736 0.5503 0.5281 0.4753 0.3829 0.4729
0.8006 0.4770 0.4331 0.3492 0.3541 0.2827 0.3141 0.5632 0.2991 0.3434 0.4022 0.4944
0.9388 0.2932 0.2121 0.2513 0.4160 0.3061 0.1833 0.4708 0.1845 0.2017 0.2017 0.3828
0.5696 0.7330 0.1593 0.1668 0.2448 0.3971 0.2890 0.3841 0.3982 0.2116 0.2613 0.3063
0.5481 0.3578 0.2800 0.2367 0.3477 0.6684 0.5150 0.4490 0.3593 0.4347 0.6803 0.4924
0.3379 0.2794 0.2552 0.2062 0.2675 1.0000 0.4104 0.3085 0.2243 0.2812 0.3250 0.2443
0.3818 0.3663 0.2855 0.2419 0.3704 1.0000 0.5878 0.3465 0.3018 0.2785 0.3600 0.2930
0.3740 0.3052 0.3210 0.2862 0.5293 0.9927 0.3973 0.3653 0.3026 0.3224 0.3781 0.3534
0.7790 0.7577 0.7308 0.6030 0.6739 0.6552 0.7421 0.7514 0.7060 0.7996 0.9871 0.8321
0.6282 0.6550 0.6402 0.5278 0.5009 0.6497 0.6687 0.6520 0.5028 0.7345 0.9978 0.7341
0.8067 0.8017 0.7190 0.6028 0.5881 0.7434 0.7755 0.7979 0.6466 0.8547 0.9734 0.7923
0.4653 0.4136 0.3536 0.3147 0.3350 0.9994 0.6952 0.4355 0.3906 0.4119 0.4806 0.3725
0.2887 0.2050 0.2839 0.1765 0.2900 1.0000 0.3809 0.2981 0.2480 0.2815 0.2939 0.2916
0.2541 0.2106 0.2384 0.2016 0.3311 1.0000 0.3626 0.2631 0.2216 0.2294 0.2761 0.2431
0.3390 0.3118 0.2565 0.2256 0.3492 1.0000 0.6011 0.3248 0.2778 0.2927 0.3629 0.2941
0.2824 0.2799 0.2623 0.2541 0.4772 1.0000 0.3792 0.3340 0.2722 0.2996 0.3198 0.2766
0.7938 0.7847 0.7227 0.6272 0.6786 0.8338 0.8473 0.7131 0.6588 0.8278 0.9270 0.7673
0.9205 0.7783 0.7041 0.5814 0.5697 0.6976 0.7682 0.7222 0.6469 0.7908 0.8475 0.7571
0.8626 0.8864 0.7518 0.6433 0.6253 0.8088 0.9019 0.8051 0.7058 0.8323 0.8624 0.7846
0.6191 0.4658 0.3805 0.3833 0.4264 1.0000 0.8056 0.4618 0.4216 0.4457 0.4442 0.3554
0.3133 0.3383 0.2825 0.2640 0.3644 1.0000 0.4894 0.3457 0.2801 0.3077 0.3430 0.3242
0.3194 0.2478 0.2454 0.2092 0.2655 1.0000 0.4047 0.3218 0.2164 0.2449 0.3033 0.2488
0.3912 0.3517 0.2610 0.2220 0.3566 1.0000 0.5727 0.3344 0.2773 0.2756 0.3210 0.2552
0.3467 0.2667 0.2564 0.2356 0.4730 1.0000 0.3786 0.3362 0.2625 0.3036 0.3447 0.2993
0.8757 0.7646 0.7266 0.6213 0.7050 0.7911 0.8391 0.7890 0.6981 0.8357 0.9315 0.7815
0.6864 0.7187 0.6835 0.5387 0.5393 0.7357 0.7213 0.6117 0.6158 0.7793 0.9566 0.6526
0.9481 0.7870 0.7013 0.5817 0.5750 0.7497 0.8271 0.8153 0.7100 0.8770 0.8985 0.7783
0.5372 0.4332 0.3541 0.3241 0.3460 1.0000 0.7087 0.4304 0.3683 0.4153 0.4319 0.3696
0.2738 0.2028 0.2788 0.1844 0.2763 1.0000 0.3837 0.2948 0.2628 0.2931 0.3182 0.2946
0.2210 0.1951 0.2241 0.1892 0.2943 1.0000 0.3351 0.2457 0.1941 0.2054 0.2427 0.2050
0.3130 0.2890 0.2519 0.2116 0.3433 1.0000 0.5654 0.3144 0.2695 0.2857 0.3454 0.2539
0.3120 0.2744 0.2733 0.2544 0.4811 1.0000 0.4064 0.3315 0.2777 0.3166 0.3581 0.2885
0.6892 0.6137 0.6254 0.5460 0.6058 0.7099 0.6915 0.6709 0.5751 0.7718 0.9878 0.6761
0.8614 0.7452 0.6634 0.5597 0.5705 0.5999 0.7315 0.7403 0.5827 0.7773 0.8677 0.8774
0.9564 0.7240 0.6352 0.5563 0.5867 0.6508 0.7104 0.7139 0.6046 0.7379 0.8150 0.7105
0.4475 0.4484 0.3669 0.4118 0.4250 0.9933 0.7944 0.4426 0.5382 0.4713 0.4751 0.3292
0.2371 0.2637 0.2532 0.2458 0.3964 1.0000 0.4469 0.2660 0.2342 0.3190 0.3509 0.3216
0.2413 0.2596 0.2667 0.2203 0.2798 1.0000 0.4100 0.2988 0.2520 0.2518 0.2784 0.2348
0.5355 0.5683 0.5722 0.5187 0.7034 0.9527 0.6162 0.5356 0.5145 0.5776 0.6303 0.5569
0.6955 0.6796 0.7183 0.6317 0.6119 0.7255 0.8128 0.8350 0.7193 0.7827 0.8873 0.7585
0.7142 0.7627 0.6731 0.5637 0.5840 0.7928 0.9426 0.7212 0.6555 0.7673 0.8037 0.6798
0.8394 0.7989 0.7145 0.5978 0.5825 0.7273 0.7808 0.7041 0.6558 0.8231 0.8762 0.7537
0.7198 0.7468 0.7179 0.6458 0.6247 0.7081 0.8448 0.8638 0.8469 0.8721 0.8366 0.7088
0.6660 0.7501 0.6961 0.5819 0.5175 0.6486 0.8105 0.7649 0.8050 0.7458 0.7496 0.6261
0.4833 0.5333 0.5179 0.4440 0.4462 0.8515 0.7332 0.5670 0.4781 0.5924 0.8080 0.5772
0.2365 0.2483 0.2453 0.2109 0.2598 1.0000 0.4084 0.2685 0.2227 0.2382 0.3138 0.2757
0.5295 0.5315 0.5351 0.4466 0.6536 0.8743 0.5609 0.4671 0.4757 0.6746 0.6585 0.5776
0.7820 0.6698 0.6393 0.5270 0.4948 0.6862 0.8131 0.7078 0.6184 0.8035 0.8901 0.7952
0.7075 0.7185 0.6557 0.5943 0.5466 0.6812 0.8458 0.7130 0.6285 0.8193 0.8616 0.7863
0.7847 0.8150 0.7461 0.6416 0.6450 0.7599 0.8119 0.6920 0.7268 0.9126 0.9087 0.7185
0.7829 0.7741 0.7192 0.6234 0.5319 0.6745 0.8919 0.7598 0.6748 0.7885 0.8464 0.8827
0.6517 0.6948 0.6256 0.5250 0.5879 0.6453 0.6729 0.6005 0.6218 0.9673 0.8528 0.6421
0.6748 0.6431 0.5662 0.5254 0.5088 0.8882 0.8551 0.6790 0.5161 0.6244 0.7564 0.7512
0.2338 0.2378 0.2232 0.2057 0.2626 1.0000 0.3982 0.2641 0.2135 0.2580 0.2867 0.2311
0.5894 0.5405 0.5542 0.5076 0.6363 0.9042 0.6400 0.5162 0.4898 0.5822 0.6663 0.7215
0.7238 0.7665 0.7015 0.5882 0.5651 0.7049 0.7931 0.7456 0.6552 0.8750 0.9346 0.7720
0.8640 0.7230 0.6356 0.5402 0.5266 0.6473 0.7835 0.6811 0.5954 0.7411 0.8098 0.8735
0.9212 0.6928 0.6294 0.5519 0.5575 0.6418 0.7188 0.6988 0.5841 0.7062 0.7462 0.7118
0.7792 0.7223 0.6587 0.5608 0.5076 0.6348 0.7456 0.6657 0.6178 0.7632 0.8914 0.7773
0.7353 0.7525 0.7430 0.6156 0.5924 0.7209 0.7883 0.6916 0.7245 0.8996 0.8923 0.7013
0.5897 0.6181 0.5488 0.4772 0.4907 0.8797 0.8352 0.6466 0.5203 0.6110 0.7651 0.6870
0.2343 0.2346 0.2242 0.1885 0.2548 1.0000 0.4059 0.2577 0.2050 0.2453 0.3002 0.2502
0.4645 0.4630 0.5178 0.4750 0.6006 0.8662 0.6430 0.4463 0.4482 0.5261 0.6131 0.7026
0.7215 0.7168 0.6882 0.5755 0.5587 0.6685 0.7753 0.7599 0.6945 0.8824 0.9343 0.7574
0.6865 0.7121 0.6973 0.6319 0.7023 0.6740 0.7749 0.7334 0.7201 0.9509 0.9164 0.7243
0.6940 0.7023 0.6747 0.5925 0.5928 0.6137 0.7470 0.7601 0.7168 0.9274 0.9024 0.7549
0.6770 0.6966 0.6869 0.6127 0.5683 0.7832 0.7713 0.7151 0.6893 0.7934 0.9820 0.7083
0.4624 0.4437 0.3448 0.3934 0.4358 1.0000 0.7920 0.4031 0.4600 0.5015 0.4847 0.3414
0.2255 0.2492 0.2427 0.2416 0.3782 1.0000 0.4446 0.2481 0.2275 0.3259 0.3903 0.2616
0.2528 0.2511 0.2356 0.1995 0.2673 1.0000 0.4197 0.2642 0.2010 0.2456 0.3066 0.2782
0.3330 0.2872 0.2391 0.2094 0.3483 1.0000 0.5862 0.3071 0.2601 0.2644 0.3439 0.3222
0.3184 0.2865 0.2833 0.2469 0.4867 1.0000 0.4327 0.3304 0.2755 0.3241 0.3525 0.4286
0.8296 0.9020 0.8418 0.6848 0.7744 0.8246 0.8711 0.7522 0.7245 0.8513 0.8656 0.7326
0.7233 0.7329 0.6965 0.5899 0.5701 0.7186 0.8148 0.6517 0.6284 0.7810 0.8915 0.8601
0.7244 0.6506 0.6275 0.5468 0.5126 0.7283 0.7353 0.6671 0.5339 0.7021 0.8787 0.7807
0.4482 0.3879 0.3475 0.3296 0.3496 1.0000 0.7380 0.4072 0.3352 0.3911 0.4232 0.4386
0.2241 0.1993 0.2767 0.1726 0.2794 1.0000 0.3537 0.2713 0.2602 0.2974 0.3437 0.2873
0.2268 0.1978 0.2215 0.1939 0.2751 1.0000 0.3285 0.2321 0.1916 0.2024 0.2722 0.2401
0.3221 0.2905 0.2587 0.2164 0.3386 1.0000 0.5592 0.3109 0.2573 0.2799 0.3426 0.2714
0.3047 0.2785 0.2744 0.2470 0.4780 1.0000 0.3929 0.3064 0.2667 0.3115 0.3622 0.3284
0.8409 0.8050 0.7710 0.6345 0.7275 0.8479 0.8872 0.8002 0.7821 0.8540 0.8837 0.7714
0.6196 0.5526 0.4901 0.4160 0.3708 0.4783 0.5406 0.3915 0.4648 0.6770 0.8868 0.7639
0.5573 0.3627 0.2784 0.2652 0.2595 0.3247 0.3600 0.2384 0.3243 0.3721 0.7041 0.7394
0.2563 0.4248 0.3575 0.3207 0.4999 1.0000 0.7046 0.3854 0.3411 0.4694 0.5924 0.3712
0.3649 0.3378 0.3342 0.3510 0.4805 1.0000 0.5893 0.3515 0.3288 0.4428 0.4650 0.4068
0.2545 0.2806 0.2526 0.2398 0.2929 1.0000 0.4885 0.2970 0.2701 0.2733 0.3994 0.2805
0.3570 0.3217 0.2673 0.2258 0.4091 1.0000 0.5229 0.3081 0.2663 0.3105 0.3684 0.2794
0.2284 0.1980 0.1834 0.1768 0.3571 1.0000 0.3457 0.2365 0.2029 0.2360 0.2436 0.2104
0.6555 0.6139 0.5964 0.5134 0.6375 0.7945 0.7376 0.6211 0.5593 0.7008 0.8261 0.7601
0.6441 0.7085 0.6422 0.5463 0.5924 0.6974 0.6800 0.5552 0.6268 0.8932 0.8694 0.6032
0.6299 0.6570 0.6509 0.4962 0.4739 0.6719 0.7018 0.6582 0.5937 0.7355 0.9965 0.6865
0.5630 0.5487 0.4146 0.3935 0.4557 0.9801 0.7674 0.4991 0.4577 0.5859 0.5502 0.4065
0.2492 0.2192 0.2819 0.1678 0.2527 1.0000 0.4322 0.3018 0.2691 0.3051 0.3460 0.3085
0.1943 0.1657 0.1955 0.1728 0.2761 1.0000 0.2843 0.2026 0.2003 0.1983 0.2585 0.2074
0.0874 0.0735 0.0969 0.1938 0.5946 0.9785 0.1832 0.1184 0.2145 0.2639 0.1434 0.1261
0.1813 0.1900 0.2591 0.2923 0.4405 0.3779 0.3409 0.4542 0.5512 0.5052 0.3657 0.2404
0.2397 0.4430 0.3311 0.3634 0.4286 0.7656 0.8398 0.5644 0.4202 0.2666 0.3002 0.2184
0.2334 0.2610 0.2422 0.2049 0.2858 1.0000 0.3808 0.2709 0.2256 0.2479 0.3081 0.2307
0.2350 0.2473 0.2473 0.2603 0.3521 1.0000 0.3558 0.2739 0.2580 0.2606 0.3213 0.2471
0.2437 0.2437 0.2404 0.2346 0.3422 1.0000 0.3307 0.2449 0.2175 0.2566 0.3600 0.2577
0.3368 0.2423 0.2503 0.2471 0.3454 1.0000 0.3458 0.2740 0.2153 0.2076 0.2943 0.2819
0.2905 0.1950 0.2078 0.2091 0.2689 1.0000 0.3819 0.2320 0.1890 0.1915 0.2643 0.2679
0.3565 0.3325 0.2925 0.2352 0.3982 1.0000 0.4832 0.3193 0.2656 0.2913 0.3458 0.2760
0.2831 0.2634 0.2241 0.1989 0.3056 1.0000 0.4488 0.3363 0.2183 0.2573 0.2555 0.2384
0.4582 0.6306 0.4707 0.3852 0.5044 0.8820 0.4878 0.4308 0.4188 0.4385 0.4690 0.4353
0.3850 0.5104 0.3099 0.2494 0.2859 1.0000 0.6954 0.3791 0.2899 0.3380 0.3749 0.2518
0.3693 0.3705 0.3330 0.2581 0.4219 1.0000 0.3698 0.2667 0.2639 0.2989 0.3560 0.3140
0.8536 0.6529 0.5124 0.4783 0.5085 0.8260 0.6867 0.5936 0.5809 0.5300 0.5433 0.4256
0.3228 0.3360 0.3420 0.2128 0.2724 1.0000 0.4757 0.3342 0.3246 0.3140 0.3475 0.3155
0.3064 0.3123 0.2438 0.1984 0.2487 1.0000 0.3234 0.2721 0.2514 0.2124 0.2554 0.2417
0.3316 0.2833 0.2552 0.2178 0.3614 1.0000 0.4500 0.2909 0.2307 0.2492 0.2905 0.2703
0.2502 0.2495 0.2170 0.1904 0.2888 1.0000 0.4631 0.2914 0.2197 0.2358 0.2693 0.2414
0.4150 0.6214 0.4437 0.3618 0.5221 0.8872 0.4548 0.4085 0.3877 0.4266 0.4910 0.3983
0.4026 0.5324 0.3262 0.2525 0.3859 1.0000 0.7038 0.4137 0.3332 0.4385 0.3964 0.2652
0.3359 0.3306 0.3642 0.2974 0.4030 1.0000 0.3575 0.3162 0.2622 0.2883 0.3131 0.2769
0.7380 0.5999 0.4685 0.4688 0.4485 0.8430 0.6580 0.5371 0.4998 0.5273 0.4950 0.4079
0.3337 0.3509 0.3030 0.2969 0.3386 1.0000 0.5216 0.2664 0.3102 0.3355 0.2919 0.2480
0.3351 0.3997 0.2838 0.2555 0.2861 1.0000 0.5380 0.3691 0.2822 0.2505 0.3297 0.3206
0.3524 0.3056 0.2567 0.2208 0.3856 1.0000 0.4486 0.2905 0.2337 0.2630 0.3056 0.2860
0.2700 0.2701 0.2165 0.2004 0.3009 1.0000 0.4681 0.3267 0.2405 0.2525 0.2652 0.2306
0.4263 0.6183 0.4541 0.3688 0.4951 0.8822 0.4668 0.4230 0.3989 0.4140 0.4571 0.4192
0.3907 0.5108 0.3147 0.2575 0.3432 0.9994 0.7083 0.3937 0.3037 0.3756 0.3921 0.2577
0.3571 0.3293 0.3361 0.2657 0.4189 1.0000 0.3635 0.2755 0.2570 0.3062 0.3386 0.2917
0.8352 0.6261 0.5164 0.4604 0.4973 0.8649 0.6773 0.6210 0.4971 0.4988 0.5255 0.4168
0.3110 0.3262 0.3380 0.2103 0.2767 1.0000 0.4692 0.3293 0.3124 0.3184 0.3366 0.2948
0.3249 0.2424 0.2388 0.2057 0.2568 1.0000 0.3233 0.2797 0.2260 0.2158 0.2508 0.2400
0.3181 0.2622 0.2505 0.2167 0.3527 1.0000 0.4503 0.2937 0.2326 0.2496 0.2835 0.2502
0.2608 0.2418 0.2177 0.1919 0.2944 1.0000 0.4670 0.2939 0.2091 0.2386 0.2864 0.2456
0.4373 0.6440 0.4491 0.3567 0.5367 0.8456 0.4385 0.4142 0.3938 0.4747 0.5043 0.4085
0.6991 0.8581 0.7417 0.6214 0.4948 0.5626 0.7154 0.7062 0.6331 0.7670 0.9086 0.7823
0.7743 0.8111 0.7513 0.5990 0.6433 0.8419 0.8868 0.8203 0.7133 0.8853 0.9313 0.7870
0.7678 0.7857 0.7675 0.8197 0.6217 0.7539 0.8674 0.8168 0.7698 0.8601 0.9296 0.7896
0.8016 0.7835 0.7367 0.6067 0.5147 0.5190 0.6601 0.7040 0.7465 0.8919 0.9803 0.8432
0.7025 0.7670 0.4879 0.4096 0.4464 0.8409 0.7280 0.5505 0.4245 0.4681 0.5713 0.5477
0.3214 0.2525 0.2354 0.1907 0.2434 1.0000 0.4140 0.2806 0.1889 0.2163 0.2489 0.2243
0.3761 0.3178 0.2538 0.2158 0.3540 1.0000 0.5532 0.3502 0.2622 0.2670 0.3059 0.2617
0.3709 0.3000 0.2728 0.2689 0.4097 1.0000 0.3994 0.3362 0.2658 0.2831 0.2936 0.2844
0.6446 0.8469 0.4865 0.4413 0.4754 0.8889 0.7231 0.5521 0.5204 0.4965 0.5225 0.4731
0.3417 0.2757 0.2119 0.1778 0.2527 1.0000 0.4234 0.2525 0.1911 0.2237 0.2359 0.1791
0.7959 0.5686 0.4658 0.3720 0.5622 0.8034 0.4427 0.4845 0.3790 0.4322 0.4289 0.4182
0.5640 0.4322 0.3453 0.3375 0.3636 0.9976 0.6733 0.4636 0.3831 0.4331 0.3889 0.3276
0.2974 0.2855 0.3072 0.2016 0.3097 1.0000 0.3697 0.2958 0.2853 0.2923 0.3012 0.2971
0.3021 0.2155 0.2196 0.1911 0.2731 1.0000 0.3063 0.2446 0.1936 0.1941 0.2301 0.2134
0.3775 0.3284 0.2472 0.2106 0.3444 1.0000 0.5510 0.3516 0.2587 0.2727 0.3182 0.2573
0.3621 0.2868 0.2630 0.2438 0.4054 1.0000 0.3957 0.3345 0.2400 0.2727 0.3159 0.2810
0.6294 0.8062 0.4698 0.4050 0.4811 0.9086 0.6757 0.5504 0.4910 0.5036 0.6008 0.4818
0.3329 0.2963 0.2307 0.1752 0.2583 1.0000 0.4121 0.2589 0.1984 0.2252 0.2907 0.1814
0.7715 0.5695 0.5048 0.3879 0.5223 0.8417 0.4750 0.5251 0.4042 0.4112 0.4867 0.4109
0.4650 0.4013 0.3390 0.3228 0.3627 1.0000 0.7281 0.3603 0.3615 0.3790 0.3808 0.3030
0.3248 0.4095 0.3025 0.2755 0.3785 1.0000 0.4950 0.3255 0.3049 0.2932 0.3285 0.2955
0.3155 0.2576 0.2280 0.2039 0.2606 1.0000 0.4037 0.2818 0.2078 0.2066 0.2732 0.2243
0.3774 0.3190 0.2378 0.2121 0.3529 1.0000 0.5608 0.3496 0.2647 0.2599 0.3146 0.2600
0.3556 0.2831 0.2583 0.2379 0.4037 1.0000 0.3973 0.3314 0.2406 0.2632 0.2983 0.2808
0.6456 0.8477 0.4823 0.4092 0.4692 0.8996 0.7098 0.5448 0.4752 0.4755 0.5444 0.4939
0.3524 0.2878 0.2214 0.1758 0.2434 1.0000 0.4365 0.2618 0.1870 0.2227 0.2687 0.2022
0.7986 0.5548 0.4675 0.3613 0.5190 0.7923 0.4368 0.4577 0.3779 0.4078 0.4777 0.4502
0.5919 0.4510 0.3528 0.3291 0.3528 0.9919 0.6712 0.4476 0.3825 0.4008 0.4094 0.3524
0.2931 0.2819 0.3022 0.1862 0.2860 1.0000 0.3798 0.2942 0.2871 0.2911 0.3154 0.2979
0.2972 0.2188 0.2248 0.1990 0.2871 1.0000 0.3113 0.2536 0.2125 0.2082 0.2294 0.2101
0.3774 0.3276 0.2504 0.2182 0.3506 1.0000 0.5713 0.3476 0.2648 0.2625 0.2956 0.2463
0.3441 0.2798 0.2530 0.2516 0.4084 1.0000 0.4071 0.3141 0.2383 0.2672 0.2897 0.2755
0.6525 0.9903 0.5387 0.5328 0.5089 0.5779 0.4784 0.5147 0.4930 0.5296 0.5849 0.5862
0.5957 0.5993 0.5749 0.5036 0.6028 0.4320 0.3453 0.3539 0.4531 0.4372 0.4111 0.3992
0.5149 0.5979 0.5197 0.5997 0.6025 0.4268 0.6083 0.4517 0.5982 0.6665 0.5136 0.3527
0.4444 0.4621 0.6270 0.6569 0.6506 0.4213 0.4052 0.4091 0.4329 0.4287 0.4455 0.5955
0.6071 0.4912 0.5048 0.6661 0.5671 0.4244 0.4873 0.5307 0.4740 0.4956 0.5657 0.7150
0.7802 0.4464 0.4506 0.4510 0.3429 0.2527 0.3075 0.5038 0.2511 0.3160 0.4398 0.4887
0.9637 0.2649 0.1768 0.1633 0.3030 0.1431 0.1449 0.4831 0.1555 0.1552 0.1883 0.3237
0.5447 0.7382 0.1271 0.1258 0.2152 0.1643 0.1954 0.3723 0.3599 0.2296 0.2447 0.2856
0.5136 0.3284 0.2793 0.2595 0.3628 0.7432 0.5787 0.4918 0.3953 0.4514 0.6685 0.4957
0.3610 0.2305 0.2279 0.1827 0.2366 1.0000 0.4103 0.2936 0.1933 0.2176 0.2507 0.2146
0.3822 0.3489 0.2514 0.2021 0.3414 1.0000 0.5443 0.3459 0.2549 0.2672 0.3095 0.2493
0.3262 0.2787 0.2844 0.2421 0.4007 1.0000 0.3987 0.3410 0.2487 0.2858 0.3075 0.2787
0.5658 0.8241 0.5318 0.4143 0.4754 0.8939 0.7341 0.5716 0.4715 0.5366 0.5842 0.4820
0.2869 0.2797 0.2131 0.1661 0.2270 1.0000 0.4438 0.2362 0.1702 0.2380 0.2935 0.1741
0.7484 0.5850 0.4659 0.3691 0.5215 0.8116 0.4283 0.4432 0.3806 0.4323 0.4967 0.4086
0.5977 0.4425 0.3840 0.3418 0.3634 1.0000 0.6704 0.4557 0.3851 0.4083 0.4307 0.3408
0.2792 0.3198 0.3053 0.1903 0.2756 1.0000 0.3751 0.3077 0.3001 0.2962 0.3026 0.2902
0.2443 0.2061 0.2235 0.1900 0.2963 1.0000 0.3193 0.2401 0.1925 0.2065 0.2232 0.1983
0.3073 0.3043 0.2532 0.2142 0.3386 1.0000 0.5470 0.3082 0.2532 0.2676 0.3194 0.2696
0.2337 0.1898 0.1706 0.1765 0.4044 1.0000 0.4001 0.2550 0.1787 0.2138 0.2041 0.1846
0.4425 0.2928 0.2698 0.3352 0.5608 0.6520 0.4671 0.4188 0.3314 0.4663 0.5436 0.5007
0.8048 0.2123 0.1821 0.1663 0.1949 0.1781 0.2796 0.4080 0.2026 0.2770 0.4667 0.6315
0.6781 0.4833 0.2278 0.2153 0.3635 0.4743 0.4792 0.3676 0.2136 0.2052 0.2343 0.3493
0.4699 0.3909 0.3980 0.3253 0.3260 1.0000 0.6526 0.4678 0.3803 0.3120 0.4165 0.4118
0.3340 0.3326 0.3523 0.2734 0.2186 1.0000 0.3599 0.3988 0.3812 0.2992 0.3262 0.3039
0.3197 0.2149 0.2493 0.1896 0.2346 1.0000 0.3190 0.2943 0.2177 0.2161 0.2320 0.2030
0.3898 0.3790 0.2856 0.2106 0.3225 1.0000 0.5850 0.3692 0.2796 0.2738 0.2757 0.2308
0.3274 0.3235 0.3149 0.2607 0.3806 1.0000 0.4598 0.3797 0.2634 0.2728 0.2687 0.2585
0.5574 0.8827 0.5685 0.4125 0.4377 0.8572 0.7562 0.6125 0.4933 0.4996 0.4957 0.4596
0.2824 0.3191 0.2610 0.1710 0.2231 1.0000 0.4694 0.2770 0.2063 0.2514 0.2727 0.1753
0.6869 0.6829 0.5853 0.4515 0.5146 0.8625 0.5850 0.5933 0.4711 0.4801 0.4732 0.4177
0.4888 0.4173 0.3364 0.2812 0.2685 0.9701 0.7473 0.4783 0.3599 0.3241 0.2993 0.2633
0.2909 0.3003 0.3368 0.1986 0.2457 1.0000 0.4065 0.3318 0.3015 0.2669 0.2656 0.2726
0.2545 0.2310 0.2410 0.1766 0.2550 1.0000 0.3420 0.2693 0.2228 0.1954 0.1983 0.1824
0.3179 0.3611 0.2794 0.2029 0.3114 1.0000 0.5853 0.3710 0.2926 0.2801 0.2931 0.2210
0.3116 0.3104 0.2970 0.2411 0.3767 1.0000 0.4596 0.3739 0.2725 0.2751 0.2564 0.2425
0.5132 0.9808 0.5293 0.3787 0.4216 0.6031 0.4668 0.5275 0.4841 0.6100 0.7409 0.4827
0.7231 0.5883 0.3795 0.3000 0.3324 0.3718 0.3240 0.4131 0.3338 0.3077 0.5688 0.5449
0.9809 0.3102 0.1844 0.2038 0.2678 0.1219 0.1624 0.2788 0.1163 0.1437 0.2256 0.4219
0.4784 0.5035 0.4985 0.5039 0.5658 0.4675 0.4075 0.4147 0.4132 0.4939 0.4446 0.3404
0.6077 0.6467 0.7288 0.7633 0.9680 0.7010 0.7047 0.6533 0.7284 0.6755 0.6156 0.4884
0.7625 0.5243 0.5382 0.6551 0.5470 0.9177 0.6135 0.5019 0.4773 0.5630 0.4185 0.4407
