329 12 247
0.6861 0.6339 0.5497 0.4859 0.5485 0.4755 0.4221 0.6654 0.6834 0.6805 0.6970 0.6569
0.6372 0.6036 0.5415 0.4458 0.4700 0.4222 0.3424 0.5599 0.8322 0.8685 0.8616 0.6069
0.4192 0.4266 0.5385 0.4280 0.4064 0.3560 0.3569 0.8775 0.6479 0.6251 0.6161 0.5456
0.6523 0.6316 0.6078 0.6836 0.8359 0.6545 0.5604 0.6320 0.6788 0.5989 0.6780 0.7488
0.9845 0.8072 0.5641 0.4291 0.4338 0.4818 0.4277 0.5871 0.6936 0.7015 0.7551 0.8074
0.6475 0.6100 0.5167 0.4483 0.5184 0.4283 0.3270 0.5466 0.8004 0.8869 0.8852 0.6140
0.4137 0.4446 0.5457 0.3979 0.3879 0.3344 0.3563 0.8933 0.6675 0.6201 0.5993 0.5397
0.6672 0.6409 0.5849 0.6348 0.8003 0.6984 0.5920 0.6077 0.6502 0.5979 0.7007 0.7547
0.9533 0.7806 0.5403 0.4382 0.4220 0.4661 0.4268 0.5937 0.7063 0.7197 0.7761 0.8071
0.7113 0.6358 0.5634 0.4824 0.5556 0.4690 0.3700 0.6348 0.8598 0.8473 0.8798 0.6023
0.4213 0.4357 0.5614 0.3993 0.4055 0.3512 0.3455 0.8731 0.6899 0.6435 0.5787 0.5577
0.6650 0.6272 0.6014 0.6557 0.7873 0.6502 0.5691 0.6440 0.6862 0.6238 0.6691 0.7329
0.9367 0.7948 0.5648 0.4682 0.4608 0.5033 0.4374 0.6240 0.6963 0.7298 0.8570 0.8084
0.6636 0.6018 0.5421 0.4633 0.5169 0.4372 0.3493 0.5721 0.8685 0.8542 0.8568 0.6124
0.4031 0.4256 0.5191 0.3883 0.3804 0.3093 0.3502 0.8881 0.6740 0.6221 0.5605 0.4992
0.6397 0.6256 0.5424 0.6226 0.8268 0.6612 0.5550 0.6386 0.6772 0.6281 0.6991 0.7243
0.9029 0.7755 0.5834 0.4331 0.4363 0.5108 0.4261 0.6376 0.7546 0.7159 0.8270 0.7556
0.6595 0.5932 0.5527 0.4793 0.5300 0.4458 0.3551 0.5835 0.8139 0.8448 0.8660 0.6544
0.4376 0.4185 0.5433 0.3984 0.3985 0.3294 0.3421 0.8894 0.6771 0.6267 0.5950 0.5691
0.6612 0.5882 0.5304 0.5973 0.8003 0.6937 0.5548 0.6307 0.6611 0.5818 0.6757 0.7269
0.9122 0.7856 0.5764 0.4290 0.4382 0.4983 0.4120 0.6025 0.7807 0.7916 0.8104 0.7640
0.6631 0.5836 0.5780 0.4906 0.5045 0.4262 0.3526 0.6313 0.8337 0.8456 0.9000 0.6167
0.4185 0.4234 0.5154 0.3810 0.3829 0.3311 0.3412 0.8630 0.6752 0.6263 0.6268 0.5791
0.6707 0.5894 0.5384 0.6204 0.8119 0.6619 0.5449 0.6164 0.7144 0.6405 0.6830 0.7581
0.9502 0.8369 0.5783 0.4317 0.4718 0.5170 0.4278 0.6629 0.7529 0.7667 0.7981 0.7908
0.6655 0.6179 0.5809 0.4762 0.5146 0.4518 0.3418 0.5825 0.7962 0.8619 0.9145 0.6242
0.4507 0.4077 0.5317 0.3817 0.3890 0.3320 0.3624 0.8687 0.6656 0.6363 0.5930 0.5778
0.6307 0.5148 0.4864 0.6106 0.8136 0.6393 0.5286 0.5946 0.6193 0.6099 0.6531 0.7543
0.9414 0.7912 0.5588 0.4234 0.4365 0.4653 0.3916 0.6659 0.7695 0.7168 0.7651 0.7596
0.8694 0.9035 0.7990 0.7060 0.7691 0.6785 0.6046 0.7257 0.8664 0.8013 0.8436 0.6176
0.8151 0.8132 0.8806 0.7723 0.7473 0.7570 0.6487 0.8463 0.7827 0.8136 0.6863 0.6428
0.8393 0.7546 0.6223 0.5753 0.5534 0.4542 0.3608 0.4881 0.6815 0.9751 0.9353 0.6990
0.7526 0.6610 0.5954 0.5028 0.5516 0.4355 0.2952 0.4769 0.7648 0.9648 0.8661 0.6432
0.6747 0.7174 0.5738 0.4897 0.5217 0.3475 0.2269 0.3334 0.7275 0.9536 0.9068 0.7213
0.7917 0.5347 0.4942 0.3896 0.4027 0.3145 0.3094 0.3579 0.6234 0.6867 0.6554 0.8918
1.0000 0.6170 0.5850 0.4392 0.4625 0.3308 0.2482 0.4455 0.6464 0.5665 0.6931 0.6989
0.9968 0.6268 0.5107 0.3513 0.3972 0.3470 0.2368 0.4526 0.5293 0.5496 0.6412 0.5827
0.8920 0.5746 0.6957 0.4527 0.4977 0.3774 0.2659 0.5768 0.7915 0.7647 0.9034 0.8252
0.7083 0.4659 0.7753 0.5361 0.6116 0.3780 0.2583 0.4413 0.5090 0.5602 0.6409 0.7130
0.8886 0.7445 0.7096 0.5605 0.6754 0.4283 0.3321 0.5346 0.7765 0.7573 0.8625 0.9153
0.8302 0.7274 0.6245 0.5908 0.6924 0.5814 0.3084 0.4785 0.7450 0.7284 0.8547 0.9798
0.8580 0.7689 0.6495 0.6242 0.7438 0.5697 0.2949 0.4200 0.7356 0.7408 0.8616 0.9168
0.7837 0.7335 0.6723 0.4876 0.8525 0.4999 0.3704 0.4905 0.6709 0.6263 0.7396 0.9194
0.7494 0.6940 0.5954 0.6143 0.8099 0.6815 0.5026 0.4258 0.6947 0.6237 0.7298 0.8658
0.9407 0.7502 0.6009 0.5119 0.4722 0.3884 0.2896 0.5564 0.6386 0.7113 0.7599 0.7968
0.5423 0.5731 0.4944 0.3964 0.4954 0.4220 0.2712 0.5082 0.6085 0.9329 0.6719 0.7206
0.5640 0.5448 0.6032 0.4056 0.5517 0.3766 0.3931 0.9518 0.6793 0.6994 0.6606 0.6215
0.8942 0.8025 0.6997 0.5575 0.6579 0.5160 0.3331 0.5434 0.7894 0.9349 0.8353 0.8568
0.6833 0.6959 0.5470 0.4552 0.4989 0.3877 0.2562 0.4119 0.7078 0.9649 0.8425 0.7523
0.8465 0.7663 0.6518 0.5239 0.6421 0.4878 0.3119 0.4973 0.7117 0.9585 0.7624 0.9231
0.8237 0.6708 0.5492 0.3983 0.4831 0.3706 0.2996 0.4289 0.5501 0.7062 0.7235 0.9520
0.9258 0.9077 0.7871 0.5706 0.5471 0.4451 0.2720 0.5187 0.7920 0.7767 0.8869 0.8792
0.9811 0.5917 0.4842 0.3857 0.4015 0.3158 0.2017 0.4873 0.5934 0.5588 0.5683 0.7820
0.9898 0.7596 0.5112 0.4576 0.4526 0.3489 0.2644 0.5218 0.6660 0.6385 0.6147 0.6789
0.8099 0.7326 0.6899 0.6288 0.5994 0.3942 0.2370 0.4358 0.5865 0.6154 0.5531 0.6334
0.8958 0.7837 0.6802 0.5433 0.5462 0.4130 0.3152 0.4895 0.7856 0.7712 0.9109 0.9389
0.8279 0.6626 0.6515 0.4870 0.8600 0.4931 0.3361 0.4852 0.6989 0.6787 0.7611 0.9129
0.8140 0.7115 0.6388 0.5713 0.8226 0.5047 0.3349 0.4699 0.7132 0.6587 0.8316 0.9032
0.8436 0.6600 0.6765 0.5466 0.9034 0.5824 0.3161 0.5099 0.7346 0.6985 0.7723 0.8875
0.7936 0.7031 0.7120 0.6581 0.8568 0.6421 0.5178 0.5882 0.7124 0.6720 0.7452 0.8471
0.9509 0.7371 0.6948 0.4885 0.4541 0.3413 0.2778 0.5233 0.6849 0.5638 0.6557 0.8249
0.7678 0.6245 0.5473 0.4466 0.5944 0.4272 0.3338 0.5728 0.7528 0.8782 0.8604 0.7410
0.4925 0.4611 0.4917 0.3361 0.4439 0.3229 0.3021 0.9121 0.5601 0.6347 0.5754 0.5423
0.8556 0.7259 0.6649 0.5354 0.5887 0.4749 0.3191 0.5838 0.8856 0.8110 0.8894 0.8214
0.8269 0.7176 0.6256 0.4914 0.6080 0.4881 0.3672 0.5100 0.7263 0.9543 0.7225 0.9373
0.7328 0.6320 0.5925 0.4695 0.5833 0.4430 0.3402 0.5338 0.7780 0.9796 0.8313 0.6445
0.7514 0.6369 0.5243 0.4152 0.5174 0.4582 0.3785 0.5085 0.5105 0.6610 0.7873 0.9041
0.9999 0.6611 0.6317 0.4794 0.4905 0.3780 0.2900 0.5446 0.7445 0.6220 0.8030 0.8011
1.0000 0.7423 0.4750 0.3886 0.4155 0.3444 0.2733 0.5434 0.5334 0.5322 0.6613 0.5861
0.9854 0.6196 0.5506 0.4423 0.4715 0.3478 0.2513 0.5042 0.6677 0.6518 0.7830 0.7967
0.7967 0.5738 0.7037 0.5457 0.6037 0.3684 0.2618 0.4219 0.5163 0.5571 0.5802 0.7321
0.8814 0.7563 0.7354 0.5991 0.6473 0.4939 0.2960 0.5815 0.8686 0.7585 0.8925 0.9320
0.8127 0.6783 0.5961 0.5691 0.9200 0.6101 0.3428 0.5284 0.6963 0.6740 0.7757 0.8912
0.7836 0.6416 0.6084 0.5223 0.8124 0.4724 0.3038 0.4719 0.7108 0.6781 0.7895 0.8365
0.8385 0.7590 0.6505 0.5972 0.6721 0.4882 0.3025 0.4375 0.6783 0.7281 0.8565 0.9493
0.8083 0.7257 0.7494 0.5856 0.7885 0.5695 0.4822 0.6355 0.6851 0.6098 0.7642 0.8530
0.9744 0.8214 0.6310 0.4966 0.4872 0.4220 0.3106 0.5493 0.6478 0.6324 0.7725 0.7584
0.7642 0.6643 0.5884 0.4738 0.5530 0.3857 0.3208 0.5560 0.8966 0.7964 0.9148 0.7179
0.5000 0.4709 0.5087 0.3421 0.4246 0.3367 0.3067 0.9555 0.5789 0.5917 0.5831 0.5963
0.8013 0.7088 0.6571 0.5615 0.6029 0.4634 0.3580 0.6419 0.8874 0.8331 0.9281 0.8379
0.8565 0.7034 0.6590 0.5312 0.6240 0.5090 0.4399 0.6098 0.7861 0.9481 0.9271 0.8213
0.6311 0.6261 0.5097 0.4273 0.4926 0.3152 0.2278 0.3263 0.6731 0.9800 0.8702 0.6557
0.7536 0.5350 0.5035 0.3943 0.4452 0.3247 0.2925 0.3882 0.6245 0.7581 0.6434 0.8915
0.9855 0.8404 0.7366 0.5947 0.5285 0.4233 0.2688 0.5676 0.8125 0.7162 0.8004 0.7928
0.9871 0.6039 0.5263 0.3878 0.4056 0.3438 0.2494 0.4856 0.5741 0.5628 0.5724 0.7615
0.8832 0.8007 0.6750 0.4981 0.5451 0.4128 0.3286 0.6050 0.8272 0.7927 0.7918 0.7010
0.7094 0.6621 0.7718 0.5236 0.7012 0.3918 0.2858 0.4789 0.5900 0.7023 0.6982 0.6033
0.8657 0.7665 0.7418 0.5666 0.6599 0.4030 0.3485 0.5932 0.7988 0.7743 0.8766 0.9389
0.8259 0.7135 0.6135 0.5598 0.6564 0.5146 0.3410 0.4868 0.6997 0.6747 0.7782 0.9980
0.8443 0.7704 0.6498 0.6213 0.6741 0.5361 0.2987 0.4451 0.7278 0.7276 0.8657 0.9352
0.7540 0.6683 0.6637 0.4852 0.8677 0.5159 0.3693 0.4956 0.6892 0.6941 0.7592 0.8697
0.7700 0.7405 0.6312 0.5969 0.8124 0.6587 0.5458 0.4843 0.7217 0.6686 0.7596 0.8872
0.9275 0.7834 0.6212 0.3931 0.4660 0.4056 0.2823 0.5141 0.7060 0.6695 0.7201 0.9165
0.6059 0.6517 0.5418 0.4242 0.5449 0.4335 0.2884 0.5046 0.6711 0.9834 0.7212 0.6705
0.5321 0.5017 0.5604 0.3702 0.4514 0.3642 0.3261 0.9330 0.6928 0.6456 0.6079 0.6312
0.8199 0.7251 0.6629 0.5547 0.5742 0.4749 0.3546 0.6663 0.8200 0.9482 0.7914 0.7952
0.6853 0.6534 0.5855 0.4640 0.4795 0.4191 0.2726 0.4670 0.7214 0.9561 0.8179 0.7659
0.7816 0.7726 0.7157 0.5281 0.6303 0.4814 0.3141 0.5222 0.7632 0.9696 0.8316 0.9042
0.9376 0.7523 0.6138 0.4916 0.5509 0.4157 0.3594 0.5249 0.6573 0.7697 0.9201 0.9414
0.7142 0.7401 0.7297 0.5643 0.5409 0.4836 0.3092 0.6066 0.8158 0.7774 0.9097 0.8945
0.9127 0.9086 0.6301 0.5228 0.5511 0.4601 0.4209 0.7171 0.7845 0.6766 0.8739 0.9355
1.0000 0.7758 0.5713 0.5207 0.4960 0.4159 0.2627 0.5449 0.6682 0.6400 0.7118 0.8318
0.8577 0.6605 0.7185 0.5672 0.6408 0.4649 0.2518 0.4547 0.5447 0.5942 0.5607 0.7129
0.8930 0.7693 0.7576 0.6509 0.5992 0.4847 0.3173 0.5641 0.8525 0.7448 0.8956 0.9558
0.8125 0.6313 0.6532 0.5105 0.9034 0.5486 0.3289 0.5543 0.6484 0.6308 0.7440 0.8389
0.7500 0.6583 0.6812 0.5060 0.7959 0.4955 0.3383 0.5339 0.6804 0.6208 0.7855 0.8494
0.8263 0.7184 0.6757 0.5779 0.8332 0.5766 0.3199 0.5426 0.7650 0.7870 0.8284 0.8859
0.8102 0.6728 0.7052 0.6551 0.8362 0.6316 0.5066 0.6642 0.6936 0.6673 0.7897 0.8607
0.9815 0.6860 0.5552 0.5141 0.4389 0.3876 0.3191 0.5709 0.6468 0.6275 0.7355 0.7760
0.6538 0.5912 0.5796 0.4377 0.5941 0.4328 0.3328 0.5430 0.7062 0.8795 0.8457 0.7980
0.5157 0.4311 0.5482 0.3549 0.4025 0.3167 0.2864 0.8990 0.6639 0.6470 0.5816 0.5851
0.8951 0.7266 0.7888 0.5964 0.5952 0.5063 0.3384 0.6759 0.9076 0.8164 0.8803 0.8816
0.8122 0.7482 0.6804 0.5337 0.6007 0.5312 0.3116 0.5662 0.7518 0.9538 0.7883 0.9580
0.8042 0.7159 0.7022 0.5342 0.6372 0.4856 0.4089 0.6608 0.7795 0.9556 0.8381 0.7308
0.9576 0.6721 0.6003 0.4620 0.5687 0.4352 0.4276 0.5575 0.5864 0.6446 0.7285 0.8782
0.9996 0.7287 0.7070 0.5331 0.5508 0.4776 0.3104 0.6178 0.7839 0.6823 0.7523 0.7451
0.9628 0.5709 0.5181 0.3586 0.4168 0.3420 0.3006 0.4802 0.5481 0.5382 0.6211 0.6586
0.6252 0.6197 0.8291 0.5191 0.5748 0.4466 0.3416 0.7318 0.8949 0.8269 0.9410 0.7931
0.6725 0.6227 0.8569 0.5394 0.6792 0.4710 0.3008 0.5236 0.6660 0.6566 0.7326 0.8033
0.8155 0.7081 0.7375 0.6169 0.7036 0.5251 0.3356 0.6060 0.8682 0.7405 0.8388 0.8805
0.7830 0.6766 0.6484 0.6002 0.8062 0.6609 0.3420 0.5795 0.7162 0.6524 0.7664 0.9210
0.8151 0.7043 0.7045 0.5966 0.7915 0.5340 0.3306 0.5194 0.7476 0.7224 0.8485 0.8794
0.8118 0.7837 0.6904 0.5730 0.7937 0.4882 0.3587 0.5278 0.6937 0.7253 0.7808 0.9368
0.7714 0.7581 0.7566 0.6620 0.8378 0.6986 0.5139 0.5141 0.7108 0.6363 0.7538 0.8864
0.9349 0.7574 0.7264 0.5173 0.5199 0.4111 0.3244 0.5721 0.6648 0.6236 0.6784 0.8441
0.7594 0.6366 0.6138 0.4812 0.5781 0.4752 0.3533 0.5719 0.8809 0.7936 0.9077 0.7513
0.4994 0.4498 0.5391 0.3967 0.4311 0.3191 0.3544 0.9188 0.6631 0.6330 0.5909 0.6101
0.8598 0.7087 0.7464 0.6267 0.6274 0.5074 0.3988 0.6530 0.8734 0.8245 0.9845 0.9143
0.7634 0.6762 0.6625 0.5426 0.5611 0.4888 0.3639 0.5933 0.7930 0.9886 0.8541 0.6927
0.6278 0.5607 0.5463 0.4414 0.4573 0.3506 0.2838 0.4695 0.7153 0.9792 0.8468 0.5942
0.7706 0.5483 0.4860 0.4146 0.4266 0.3662 0.3280 0.4128 0.5722 0.7790 0.6897 0.9204
0.8521 0.6920 0.7467 0.5306 0.5417 0.4822 0.3449 0.6185 0.7663 0.7140 0.8923 0.9114
0.9910 0.6539 0.5338 0.4573 0.4436 0.3608 0.2965 0.5293 0.6645 0.5729 0.6977 0.8446
0.9842 0.7285 0.6019 0.5173 0.4798 0.4129 0.2973 0.5576 0.6554 0.6240 0.7236 0.8452
0.7710 0.6100 0.6892 0.4747 0.5962 0.3547 0.2752 0.4025 0.4997 0.5634 0.5283 0.6194
0.8310 0.7202 0.7325 0.5989 0.7660 0.5169 0.3976 0.6293 0.8125 0.7137 0.8375 0.9208
0.7834 0.6188 0.6788 0.5135 0.7450 0.5043 0.4215 0.4970 0.6827 0.6510 0.7995 0.9455
0.8192 0.7281 0.6861 0.6250 0.7627 0.5957 0.3216 0.5094 0.7301 0.6991 0.8855 0.9568
0.7986 0.7069 0.6532 0.5313 0.9189 0.5748 0.3510 0.5107 0.7299 0.7255 0.8133 0.8814
0.7653 0.7377 0.6376 0.6297 0.8185 0.7145 0.5556 0.4557 0.7112 0.6313 0.7775 0.8810
0.9699 0.7878 0.6046 0.4742 0.5170 0.4042 0.3351 0.5383 0.6978 0.5991 0.7459 0.8025
0.6453 0.6573 0.6136 0.4485 0.5678 0.4655 0.3527 0.5118 0.8272 0.8868 0.9384 0.6432
0.4575 0.4454 0.5339 0.3695 0.3949 0.3094 0.3451 0.8579 0.5840 0.7001 0.5333 0.5489
0.7810 0.7234 0.7222 0.6079 0.5903 0.4550 0.3763 0.5597 0.7732 0.9664 0.8364 0.8671
0.6647 0.6330 0.5841 0.4850 0.4863 0.4125 0.2757 0.4294 0.7379 0.9647 0.8692 0.7107
0.7079 0.7293 0.6691 0.5265 0.5540 0.4470 0.3281 0.4434 0.7665 0.9624 0.9194 0.7962
0.7571 0.5481 0.5434 0.3991 0.4597 0.3890 0.3070 0.4018 0.6081 0.6363 0.6662 1.0000
0.9673 0.7548 0.7757 0.5381 0.5396 0.4560 0.3235 0.6270 0.7827 0.6745 0.7807 0.8257
0.9059 0.6511 0.4686 0.4264 0.4152 0.3371 0.3264 0.4918 0.5497 0.5476 0.7079 0.6016
0.6935 0.7502 0.8158 0.5227 0.5385 0.4585 0.3470 0.6836 0.8729 0.8403 0.9552 0.7556
0.8012 0.6099 0.7271 0.6109 0.5139 0.4743 0.2909 0.4574 0.5219 0.6157 0.6803 0.7459
0.8266 0.7088 0.6849 0.5763 0.5892 0.4728 0.3759 0.6382 0.8132 0.7086 0.8630 0.9283
0.7590 0.6424 0.6434 0.5611 0.8756 0.5833 0.3553 0.5162 0.6712 0.6223 0.7853 0.8862
0.7480 0.6848 0.7160 0.5368 0.7591 0.4272 0.3612 0.5491 0.6777 0.6066 0.7787 0.8873
0.8310 0.7981 0.6635 0.6558 0.7855 0.5686 0.3230 0.5031 0.7306 0.7540 0.8790 0.9535
0.7543 0.6807 0.6464 0.5854 0.8605 0.6404 0.5280 0.6254 0.7189 0.6792 0.8042 0.8275
0.9306 0.7281 0.5448 0.4141 0.4684 0.4499 0.3745 0.5464 0.6495 0.6738 0.8416 0.7500
0.6399 0.6692 0.5954 0.5546 0.6000 0.4131 0.3602 0.4691 0.6827 0.8921 0.7819 0.7771
0.5535 0.6006 0.6502 0.4878 0.5155 0.4393 0.4169 0.8710 0.6708 0.6496 0.6681 0.6439
0.8870 0.7818 0.7662 0.6400 0.6920 0.6176 0.3999 0.5457 0.8334 0.8110 0.9538 0.9271
0.8000 0.7241 0.6118 0.5055 0.6149 0.4810 0.3055 0.4794 0.7179 0.9836 0.7732 0.8984
0.7905 0.6766 0.6146 0.4963 0.6086 0.4514 0.3528 0.5670 0.7802 0.9691 0.8241 0.6679
0.8402 0.5890 0.4813 0.4113 0.4862 0.3533 0.3616 0.4586 0.6150 0.6075 0.6794 0.9167
0.9631 0.8705 0.7217 0.5496 0.5185 0.4469 0.2670 0.4942 0.7911 0.7554 0.8378 0.8242
0.9940 0.6114 0.5398 0.3975 0.4066 0.3320 0.2149 0.4553 0.5745 0.5486 0.5497 0.7111
0.9626 0.8051 0.6020 0.4891 0.4773 0.3861 0.2961 0.5087 0.7127 0.6902 0.7477 0.6952
0.7402 0.6014 0.7467 0.6488 0.6557 0.3299 0.2614 0.4548 0.5069 0.5713 0.5929 0.5690
0.8823 0.7707 0.7192 0.5720 0.6861 0.3970 0.3245 0.5340 0.7878 0.7627 0.8826 0.9055
0.8479 0.7448 0.6434 0.5527 0.6857 0.5295 0.3215 0.4875 0.7303 0.6750 0.7933 0.9909
0.8375 0.7617 0.6239 0.5997 0.6899 0.5576 0.2903 0.4134 0.7063 0.7135 0.8690 0.9242
0.7704 0.6576 0.6434 0.4614 0.8718 0.5233 0.3790 0.5115 0.7010 0.6393 0.7535 0.8676
0.7468 0.6850 0.5340 0.6068 0.8219 0.6557 0.5253 0.4342 0.6942 0.6172 0.7178 0.8374
0.9355 0.7137 0.5956 0.5050 0.4459 0.3460 0.2619 0.5131 0.7111 0.5969 0.6684 0.9002
0.7493 0.6158 0.5590 0.4279 0.5828 0.4196 0.3103 0.5205 0.8881 0.7928 0.9662 0.7084
0.5091 0.4540 0.5339 0.3361 0.3891 0.3408 0.3095 0.9389 0.6083 0.6144 0.6070 0.5865
0.8464 0.6839 0.6387 0.5117 0.5117 0.4434 0.3349 0.5377 0.8251 0.7911 0.9998 0.8156
0.7538 0.6558 0.6663 0.5170 0.5749 0.4999 0.3504 0.6055 0.7961 0.9890 0.8427 0.6696
0.6352 0.5733 0.5542 0.4437 0.4649 0.3639 0.2860 0.4863 0.7160 0.9814 0.8491 0.5944
0.6807 0.5974 0.4734 0.3694 0.4164 0.3426 0.3174 0.4510 0.5355 0.7438 0.7650 0.8603
0.9130 0.6404 0.7030 0.5260 0.5214 0.4499 0.3040 0.5222 0.7457 0.6269 0.8066 0.7694
0.9269 0.8471 0.6115 0.4833 0.5084 0.4014 0.3827 0.6274 0.7157 0.6176 0.8650 0.7233
0.9567 0.6253 0.6998 0.4840 0.4919 0.4046 0.2913 0.5879 0.7295 0.6627 0.8601 0.8571
0.7798 0.6206 0.7428 0.5184 0.6505 0.3475 0.2663 0.3925 0.5332 0.5236 0.5199 0.7168
0.8547 0.7717 0.7306 0.6478 0.7625 0.4605 0.3829 0.5461 0.7989 0.7497 0.9019 0.9641
0.7473 0.6330 0.6712 0.5322 0.8275 0.5050 0.3180 0.4981 0.6487 0.6204 0.7648 0.8415
0.8153 0.7520 0.7295 0.6127 0.6952 0.5092 0.3708 0.5359 0.6934 0.6588 0.8602 0.9734
0.8086 0.7285 0.6203 0.6032 0.8548 0.5969 0.3349 0.5170 0.7457 0.7363 0.8620 0.8876
0.7263 0.6851 0.6559 0.6115 0.8644 0.6648 0.5399 0.4860 0.6673 0.6281 0.7436 0.8369
0.9813 0.7059 0.6148 0.4911 0.4594 0.3559 0.2986 0.5541 0.6054 0.5531 0.7188 0.6614
0.6789 0.6411 0.5740 0.4663 0.5792 0.4448 0.3443 0.4603 0.8530 0.8687 0.9252 0.5634
0.4942 0.4657 0.5169 0.3612 0.3784 0.3011 0.3183 0.8780 0.5662 0.6689 0.5876 0.6091
0.8119 0.7374 0.7265 0.6076 0.5568 0.4443 0.3703 0.5446 0.8173 0.9597 0.8908 0.8791
0.6448 0.6356 0.5888 0.4630 0.4816 0.3955 0.2558 0.4139 0.7332 0.9623 0.8709 0.6911
0.6988 0.7315 0.6689 0.5123 0.5636 0.4381 0.3232 0.4372 0.7598 0.9682 0.9125 0.7946
0.7353 0.6094 0.4926 0.3702 0.4247 0.3526 0.3015 0.3686 0.5758 0.6128 0.5605 0.9349
0.9420 0.8710 0.7760 0.6174 0.5458 0.5120 0.2864 0.5585 0.8090 0.7716 0.8402 0.8561
0.9958 0.6462 0.5069 0.4275 0.4346 0.3482 0.3215 0.4612 0.5554 0.5369 0.6143 0.6697
0.8980 0.7064 0.6311 0.4909 0.4573 0.4323 0.3108 0.5740 0.6993 0.6288 0.7408 0.6794
0.6729 0.7394 0.8122 0.6095 0.6848 0.4838 0.2849 0.5018 0.6468 0.6814 0.7589 0.7574
0.8930 0.7690 0.7661 0.6448 0.5644 0.4764 0.3177 0.5449 0.8386 0.7001 0.8861 0.9494
0.7595 0.6950 0.6664 0.6233 0.8370 0.6425 0.3206 0.5061 0.7215 0.6465 0.8183 0.9148
0.7284 0.6103 0.6617 0.5158 0.8453 0.4821 0.3570 0.5449 0.6861 0.6136 0.7702 0.8424
0.8064 0.7828 0.6891 0.6194 0.7721 0.4494 0.3617 0.5779 0.7370 0.6964 0.8531 0.9711
0.7449 0.6892 0.6712 0.6133 0.8130 0.6009 0.4327 0.6090 0.6344 0.5988 0.7474 0.8388
0.8843 0.8198 0.6382 0.4697 0.4963 0.4210 0.3306 0.5097 0.6533 0.6203 0.7024 0.8869
0.5762 0.6357 0.5584 0.5046 0.5737 0.4162 0.3550 0.4593 0.5830 0.8774 0.7401 0.7307
0.5574 0.6158 0.6456 0.4844 0.5457 0.4426 0.3859 0.8539 0.6253 0.6163 0.7150 0.6414
0.7136 0.7016 0.8210 0.6353 0.7087 0.4706 0.3169 0.4388 0.6469 0.5720 0.7329 0.7468
0.7599 0.6149 0.6402 0.5587 0.7676 0.5402 0.3356 0.5528 0.6550 0.6357 0.7265 0.8608
0.7529 0.7084 0.9435 0.6987 0.6774 0.5070 0.3850 0.4735 0.6532 0.5869 0.7220 0.7776
0.6106 0.5884 0.7418 0.5613 0.7817 0.4461 0.2949 0.4031 0.5826 0.5263 0.6410 0.7151
0.8865 0.6665 0.6546 0.5105 0.5280 0.4375 0.2855 0.5223 0.7051 0.6299 0.7747 0.7751
0.9459 0.6813 0.4895 0.3525 0.4002 0.3309 0.2494 0.4629 0.5016 0.4713 0.6087 0.7563
0.5312 0.4158 0.3902 0.3465 0.3226 0.2570 0.3037 0.3715 0.4827 0.5744 0.5376 0.9751
0.5989 0.4778 0.4668 0.3891 0.3874 0.2979 0.2867 0.6175 0.6581 0.6135 0.6708 0.8991
0.6406 0.6510 0.7955 0.5932 0.7657 0.4119 0.3129 0.4284 0.5834 0.5409 0.6431 0.7664
0.7618 0.6517 0.6235 0.6132 0.8995 0.6522 0.3509 0.5281 0.6849 0.5933 0.7413 0.8708
0.6947 0.6355 0.8484 0.6727 0.7585 0.5357 0.3070 0.4217 0.6148 0.5294 0.6725 0.7553
0.5958 0.5366 0.7207 0.5103 0.7358 0.4583 0.2465 0.3687 0.5304 0.4823 0.5409 0.6844
0.9999 0.6265 0.5138 0.4011 0.4247 0.3166 0.2146 0.4108 0.4822 0.4361 0.5140 0.6496
0.9861 0.7102 0.5161 0.3859 0.4295 0.3420 0.2657 0.4685 0.5665 0.5055 0.5941 0.8509
0.6706 0.5526 0.4957 0.3915 0.3963 0.3335 0.3355 0.3712 0.5189 0.5029 0.6016 1.0000
0.4903 0.4474 0.4701 0.3631 0.3735 0.2765 0.1921 0.6944 0.5897 0.8125 0.5817 0.5283
0.6976 0.7039 0.8806 0.6744 0.5099 0.3952 0.3018 0.5270 0.5978 0.5994 0.7218 0.8005
0.7298 0.6502 0.6313 0.5283 0.7901 0.5423 0.2994 0.5278 0.6471 0.6223 0.7016 0.8352
0.7727 0.6956 0.9139 0.7588 0.6636 0.5307 0.3998 0.4862 0.6496 0.6132 0.7383 0.7764
0.6411 0.5511 0.7633 0.6388 0.7090 0.4912 0.2503 0.4115 0.5353 0.4815 0.5519 0.6695
0.9995 0.6687 0.5748 0.4873 0.4811 0.3714 0.2411 0.4403 0.5758 0.5182 0.6186 0.7381
0.9688 0.6991 0.4891 0.3690 0.4055 0.3188 0.2923 0.4716 0.5652 0.4770 0.5473 0.7987
0.6787 0.4716 0.4487 0.3674 0.3480 0.3038 0.3369 0.3764 0.4573 0.5137 0.5408 0.9980
0.6421 0.5112 0.4959 0.3837 0.3740 0.3391 0.3090 0.6217 0.6588 0.6020 0.6639 0.9055
0.6993 0.7164 0.8346 0.6573 0.6396 0.5145 0.2897 0.4368 0.6309 0.6199 0.7174 0.8058
0.7997 0.6755 0.6398 0.6175 0.8935 0.7111 0.3390 0.5410 0.6882 0.6564 0.7072 0.8550
0.6236 0.5906 0.8994 0.5815 0.6555 0.5084 0.3067 0.4084 0.5535 0.5375 0.5787 0.6906
0.6187 0.5910 0.8060 0.6036 0.7732 0.4405 0.2420 0.4019 0.5096 0.4862 0.5714 0.6534
0.9987 0.7092 0.4848 0.4420 0.4394 0.3175 0.2093 0.4114 0.5197 0.4709 0.5705 0.7063
0.9771 0.6725 0.4653 0.3791 0.4056 0.3205 0.2574 0.4518 0.5201 0.4550 0.5616 0.6977
0.6435 0.5440 0.5263 0.4043 0.3955 0.3564 0.3687 0.3999 0.4893 0.5252 0.7522 1.0000
0.5016 0.4392 0.4507 0.3475 0.4159 0.2892 0.2392 0.6694 0.6211 0.8239 0.5831 0.5372
0.7032 0.6590 0.8632 0.5872 0.6667 0.4583 0.2876 0.4755 0.6399 0.5836 0.6562 0.7477
0.7839 0.6666 0.7348 0.5480 0.7962 0.5768 0.3168 0.5562 0.6894 0.6717 0.7201 0.8334
0.6413 0.6591 0.9805 0.6251 0.5399 0.4882 0.3757 0.4293 0.6110 0.5287 0.6350 0.6653
0.5814 0.5779 0.8230 0.4856 0.7208 0.4239 0.2194 0.3638 0.4875 0.4854 0.5556 0.6476
0.9936 0.7577 0.5615 0.4397 0.4962 0.3837 0.2295 0.4729 0.5788 0.5616 0.6389 0.6985
0.9947 0.7015 0.4716 0.3819 0.3985 0.3206 0.2526 0.4190 0.5234 0.4860 0.5834 0.6039
0.8321 0.5655 0.5374 0.4479 0.4267 0.3703 0.3917 0.4015 0.6599 0.6362 0.8049 0.9019
0.6278 0.5112 0.4982 0.3859 0.3574 0.2667 0.2957 0.6072 0.6322 0.5716 0.6715 0.9064
0.7027 0.7120 0.8358 0.6661 0.6605 0.4481 0.2830 0.4211 0.5967 0.5791 0.6851 0.8395
0.8102 0.6192 0.6638 0.6065 0.9250 0.6684 0.4021 0.5686 0.6660 0.6219 0.7074 0.8711
0.6464 0.5880 0.8671 0.6340 0.7228 0.5184 0.2948 0.4295 0.5431 0.5369 0.6216 0.6812
0.5833 0.5824 0.7753 0.6851 0.7643 0.5598 0.2383 0.3901 0.5393 0.5236 0.5809 0.6753
0.9937 0.6350 0.5796 0.4664 0.4724 0.3603 0.2478 0.4637 0.6178 0.5982 0.6693 0.6738
0.9847 0.7754 0.5703 0.4192 0.4100 0.3675 0.2883 0.5060 0.5763 0.5444 0.6741 0.6143
0.7741 0.5912 0.5875 0.5102 0.4530 0.4318 0.4313 0.5281 0.6229 0.6024 0.8883 0.8976
0.4886 0.4318 0.4490 0.3300 0.3513 0.2686 0.2323 0.6664 0.5667 0.8137 0.5456 0.5443
0.6486 0.6889 0.8525 0.6048 0.5557 0.4390 0.2880 0.4439 0.6019 0.5518 0.6638 0.7825
0.7827 0.6760 0.6819 0.5676 0.8069 0.5733 0.3213 0.5555 0.7002 0.6690 0.7474 0.8440
0.7754 0.6759 0.9407 0.7703 0.6377 0.5637 0.4121 0.4376 0.6550 0.6083 0.7473 0.7517
0.5872 0.5509 0.7960 0.5725 0.7122 0.4840 0.2272 0.3671 0.5035 0.4834 0.5675 0.6402
0.9675 0.7706 0.6325 0.4755 0.5559 0.3998 0.2734 0.4846 0.6789 0.5900 0.7184 0.7020
0.9881 0.7893 0.5513 0.4087 0.4162 0.3690 0.2962 0.4714 0.5673 0.5573 0.6815 0.6706
0.6169 0.4910 0.5102 0.4342 0.3997 0.3615 0.3970 0.4101 0.5853 0.5757 0.8235 0.9781
0.6336 0.5020 0.4741 0.3913 0.4415 0.3378 0.3200 0.6537 0.6670 0.5834 0.6431 0.8992
0.6488 0.6120 0.7929 0.5938 0.7609 0.4323 0.2824 0.4311 0.5642 0.5463 0.6124 0.7284
0.7476 0.6520 0.6481 0.6017 0.9008 0.6419 0.3586 0.5138 0.6801 0.5979 0.7420 0.9243
0.5931 0.5393 0.8724 0.5321 0.7171 0.4831 0.3072 0.4001 0.5548 0.4802 0.6011 0.6712
0.5911 0.5754 0.7794 0.5104 0.7724 0.4833 0.2846 0.3754 0.5554 0.5267 0.5915 0.7184
0.9376 0.6990 0.6473 0.4581 0.5355 0.4428 0.3083 0.5459 0.6774 0.6217 0.6764 0.7452
0.9131 0.7023 0.5029 0.3750 0.3944 0.3282 0.2792 0.4441 0.5458 0.5068 0.5820 0.8117
0.8228 0.5238 0.5340 0.4247 0.4403 0.3515 0.3911 0.4415 0.5766 0.5564 0.6422 0.9899
0.4758 0.4218 0.4310 0.3276 0.3277 0.2337 0.2328 0.6637 0.6094 0.8372 0.5511 0.5227
0.6697 0.6520 0.8603 0.6230 0.4960 0.3904 0.3141 0.4121 0.6110 0.5530 0.6584 0.7846
0.7769 0.6758 0.6946 0.5519 0.7707 0.5416 0.3409 0.5211 0.6972 0.6421 0.7858 0.8469
0.6779 0.6687 0.9265 0.6922 0.6555 0.5300 0.4084 0.4417 0.5733 0.5911 0.6785 0.7094
0.6607 0.6195 0.7437 0.5909 0.6687 0.4505 0.2908 0.4020 0.5628 0.5138 0.6175 0.7095
0.9699 0.6321 0.5490 0.4089 0.4143 0.3208 0.2292 0.4237 0.5201 0.4879 0.6352 0.7319
0.8839 0.6771 0.5051 0.4196 0.4202 0.3325 0.2830 0.4338 0.5704 0.5228 0.6729 0.8129
0.4981 0.4364 0.4298 0.3971 0.3596 0.3111 0.3503 0.3910 0.5046 0.5293 0.7705 0.9552
0.6146 0.5157 0.4824 0.3836 0.3216 0.2839 0.3296 0.6232 0.6276 0.4883 0.6950 0.8868
0.6985 0.7173 0.8282 0.6593 0.5909 0.4495 0.3397 0.4710 0.5971 0.5733 0.7063 0.8377
0.7583 0.6719 0.6742 0.6495 0.8966 0.6376 0.3466 0.4772 0.7148 0.6223 0.7755 0.8976
0.6115 0.5736 0.8705 0.5486 0.7033 0.4502 0.2998 0.3857 0.5323 0.4966 0.6270 0.6668
0.6446 0.6130 0.7654 0.5477 0.7557 0.5038 0.2856 0.3615 0.5534 0.5251 0.5949 0.7105
1.0000 0.6207 0.4631 0.4213 0.4384 0.3296 0.2170 0.4133 0.5185 0.4661 0.5988 0.6925
0.9976 0.6014 0.4190 0.3689 0.3880 0.3051 0.2802 0.4335 0.5082 0.4322 0.5352 0.7061
0.7907 0.4999 0.5040 0.4238 0.4399 0.3440 0.3841 0.4164 0.5931 0.4947 0.6302 0.9963
0.5255 0.4573 0.4530 0.3761 0.3601 0.2757 0.2301 0.7013 0.6675 0.8002 0.6159 0.5650
0.6769 0.6495 0.8574 0.6135 0.4783 0.3789 0.2833 0.4501 0.5816 0.5389 0.6728 0.7840
0.7801 0.6607 0.6825 0.5669 0.7794 0.5234 0.3478 0.5962 0.7213 0.6394 0.8040 0.8382
0.7072 0.6110 0.9376 0.6739 0.6530 0.4795 0.3932 0.4729 0.5983 0.6129 0.7319 0.7263
0.6246 0.5803 0.7829 0.5857 0.7274 0.4149 0.2912 0.4200 0.5749 0.5295 0.6398 0.6634
0.9983 0.7137 0.5378 0.4262 0.4630 0.3266 0.2408 0.4419 0.5766 0.5219 0.6372 0.6967
0.9825 0.6203 0.4474 0.3886 0.3919 0.3110 0.2570 0.4130 0.5337 0.4835 0.6061 0.6848
0.6082 0.4657 0.4070 0.3719 0.3511 0.3242 0.3301 0.4072 0.5461 0.5471 0.6337 1.0000
0.5852 0.4714 0.4422 0.3630 0.3422 0.3069 0.3138 0.6178 0.6762 0.5482 0.6255 0.9301
0.6732 0.6570 0.8038 0.6004 0.7234 0.4115 0.3316 0.4533 0.6172 0.5550 0.6720 0.7961
0.7820 0.7078 0.7171 0.7078 0.8828 0.6970 0.3673 0.5065 0.7493 0.6397 0.7810 0.9206
0.6223 0.5847 0.8857 0.5803 0.7274 0.4566 0.3089 0.4023 0.5725 0.5019 0.6592 0.7058
0.5893 0.5468 0.7322 0.5585 0.7919 0.4196 0.2802 0.3632 0.5593 0.5543 0.6206 0.7126
0.8915 0.7054 0.6729 0.4812 0.5294 0.3827 0.2910 0.5749 0.6905 0.6239 0.7341 0.6529
0.9987 0.7127 0.4775 0.3945 0.3825 0.3070 0.2722 0.4513 0.5031 0.4935 0.6003 0.6531
0.6964 0.5826 0.5599 0.4447 0.4145 0.3651 0.3777 0.3862 0.5178 0.5049 0.5805 1.0000
0.6048 0.6462 0.6488 0.5236 0.5326 0.4086 0.3270 0.7160 0.7743 0.8002 0.7174 0.6686
0.6957 0.6706 0.8586 0.7010 0.5383 0.3466 0.3190 0.4058 0.5951 0.5196 0.7040 0.8056
0.8031 0.6674 0.6246 0.5207 0.7778 0.4935 0.3342 0.5170 0.6662 0.6596 0.7333 0.8678
0.7211 0.6431 0.9600 0.6242 0.6312 0.4955 0.3193 0.4455 0.5944 0.5743 0.6743 0.7325
0.6652 0.6536 0.7688 0.6333 0.6456 0.5449 0.3058 0.4012 0.5922 0.5710 0.6215 0.6716
0.9987 0.7339 0.5101 0.3936 0.4258 0.3339 0.2336 0.4168 0.5752 0.5361 0.6447 0.6545
0.9952 0.7881 0.5134 0.3692 0.3529 0.3232 0.2404 0.4358 0.5178 0.5270 0.5981 0.6742
0.7457 0.5384 0.4692 0.3928 0.3476 0.3275 0.3686 0.3751 0.5575 0.6061 0.6888 0.9651
0.6086 0.4725 0.4652 0.3514 0.3551 0.2948 0.2955 0.5982 0.5979 0.5260 0.6598 0.8845
0.6874 0.7232 0.7880 0.6286 0.6451 0.4095 0.3015 0.4203 0.5920 0.5432 0.6817 0.8263
0.7614 0.6314 0.6261 0.6033 0.9066 0.6138 0.3607 0.4830 0.6765 0.6250 0.7513 0.8063
0.7036 0.6286 0.8601 0.6287 0.7356 0.4950 0.2840 0.3904 0.6097 0.5451 0.6713 0.7342
0.5607 0.5836 0.7636 0.5889 0.7051 0.5620 0.2332 0.3733 0.5457 0.5152 0.5868 0.7107
0.9146 0.6999 0.6671 0.4493 0.4833 0.4047 0.3217 0.6013 0.6982 0.6164 0.7248 0.7445
0.9471 0.6340 0.5188 0.3831 0.3823 0.3330 0.2408 0.4235 0.5442 0.5366 0.6359 0.7267
0.7050 0.5739 0.5420 0.4907 0.4316 0.4012 0.4014 0.4399 0.5347 0.5280 0.8443 0.9916
0.5008 0.4494 0.4529 0.3265 0.3680 0.2815 0.2363 0.6514 0.5686 0.8137 0.5508 0.5563
0.6787 0.6945 0.8410 0.5780 0.5347 0.4740 0.2801 0.4249 0.6566 0.5888 0.6985 0.7566
0.7968 0.6536 0.5929 0.4877 0.7836 0.5253 0.4178 0.4949 0.6543 0.6285 0.7301 0.8119
0.8091 0.7175 0.9228 0.7234 0.6191 0.5548 0.3822 0.4240 0.6712 0.6396 0.7238 0.7740
0.6054 0.5787 0.7984 0.5358 0.7252 0.4927 0.2291 0.3387 0.5037 0.5203 0.6080 0.6971
0.8815 0.6741 0.6387 0.4922 0.4611 0.3773 0.2890 0.4482 0.6599 0.5676 0.7274 0.8209
0.9577 0.6764 0.5172 0.3717 0.3927 0.3108 0.2410 0.4383 0.5290 0.4922 0.5716 0.7066
0.6804 0.5231 0.4739 0.4120 0.3765 0.3251 0.3942 0.3851 0.6208 0.6360 0.7881 0.9489
0.5999 0.4916 0.4901 0.3778 0.4232 0.3186 0.3155 0.6106 0.6670 0.5881 0.6771 0.8887
0.6598 0.6440 0.7866 0.5841 0.7520 0.4408 0.2828 0.4203 0.6168 0.5602 0.6593 0.7509
0.7221 0.6530 0.5721 0.6263 0.9697 0.6555 0.3439 0.4534 0.7245 0.5815 0.7409 0.8712
