12 12 6
0.2380 0.5442 0.3700 0.6039 0.6257 0.0655 0.0132 0.8375 0.2594 0.2343 0.9956 0.4703
0.8365 0.4764 0.6391 0.1506 0.6349 0.8680 0.5232 0.7413 0.6714 0.0640 0.7582 0.5911
0.3013 0.0310 0.8655 0.4727 0.7188 0.8788 0.7141 0.9211 0.3950 0.8009 0.4446 0.9356
0.8789 0.0975 0.1360 0.2170 0.9655 0.4362 0.6266 0.3010 0.5072 0.3859 0.3509 0.5851
0.5843 0.9042 0.6820 0.9289 0.8564 0.9910 0.6713 0.1631 0.8606 0.9646 0.9047 0.5691
0.7138 0.2111 0.8316 0.5735 0.2850 0.0635 0.8539 0.9898 0.0885 0.8006 0.4105 0.1508
0.2939 0.7688 0.8728 0.0442 0.6145 0.0449 0.7184 0.3310 0.8809 0.9806 0.5054 0.9985
0.3097 0.0770 0.5998 0.0314 0.1974 0.4079 0.6105 0.1562 0.0424 0.8678 0.3138 0.9587
0.8967 0.3778 0.4604 0.5201 0.6439 0.5957 0.5593 0.6201 0.9406 0.5070 0.4312 0.7203
0.2376 0.3011 0.9778 0.5211 0.5484 0.0115 0.4152 0.5800 0.0201 0.6158 0.6322 0.0601
0.6273 0.4663 0.6793 0.3526 0.7070 0.7380 0.0222 0.0606 0.6760 0.9633 0.2511 0.4563
0.5927 0.3200 0.3640 0.3127 0.3692 0.5956 0.3004 0.3772 0.7723 0.0269 0.5693 0.7352
