16 12 8
0.7933 0.8220 0.4850 0.2616 0.0005 0.6628 0.4703 0.7597 0.3732 0.7701 0.2727 0.8019
0.7298 0.4140 0.5383 0.6821 0.1930 0.5536 0.8051 0.2655 0.8034 0.6857 0.8443 0.3356
0.0931 0.8003 0.8048 0.4452 0.0938 0.1972 0.6349 0.2912 0.9514 0.5886 0.2009 0.6554
0.3604 0.9327 0.9095 0.5147 0.6446 0.6979 0.8055 0.9764 0.0284 0.3614 0.6017 0.3043
0.5892 0.0897 0.8801 0.5253 0.1168 0.6627 0.3123 0.1962 0.4837 0.1381 0.2099 0.8655
0.6982 0.0125 0.7781 0.0171 0.3329 0.9044 0.6203 0.3061 0.3774 0.3892 0.1268 0.9999
0.0538 0.4229 0.7463 0.3978 0.9810 0.2453 0.9793 0.8923 0.6702 0.8895 0.4472 0.8313
0.7961 0.5167 0.4709 0.7057 0.4091 0.0859 0.7465 0.2658 0.4877 0.7840 0.1721 0.0219
0.1235 0.5894 0.3610 0.2563 0.4515 0.9276 0.2548 0.4106 0.8793 0.6122 0.2679 0.4747
0.4785 0.1422 0.3775 0.3057 0.8047 0.3234 0.6592 0.9708 0.9231 0.3760 0.6030 0.3201
0.3983 0.4880 0.7934 0.9366 0.2908 0.0062 0.4494 0.0571 0.0301 0.7736 0.1121 0.7185
0.3620 0.9384 0.8535 0.0623 0.1926 0.9474 0.6134 0.4221 0.7823 0.8135 0.4917 0.4689
0.1002 0.3620 0.1450 0.6256 0.6066 0.1443 0.6280 0.0973 0.1054 0.6456 0.4627 0.8996
0.6292 0.7014 0.1270 0.8327 0.0835 0.6181 0.9114 0.9077 0.8933 0.4520 0.6938 0.7913
0.1371 0.9434 0.9088 0.4409 0.7785 0.4471 0.2764 0.7125 0.0637 0.8002 0.9781 0.2861
0.9397 0.0837 0.8581 0.2798 0.9662 0.4307 0.9222 0.0319 0.0856 0.8164 0.6386 0.5355
