18 12 15
0.2590 0.6853 0.6841 0.8493 0.1857 0.2306 0.1472 0.2252 0.7340 0.1302 0.5313 0.2139
0.2947 0.4316 0.8377 0.6084 0.0144 0.2758 0.1467 0.8713 0.8097 0.8060 0.8264 0.7448
0.9493 0.7938 0.2567 0.8499 0.4868 0.7550 0.5641 0.4296 0.3642 0.4298 0.3138 0.1174
0.8196 0.7983 0.9857 0.6909 0.5542 0.7484 0.1349 0.6768 0.4434 0.1766 0.2026 0.5227
0.2533 0.4595 0.6055 0.3958 0.1308 0.4909 0.2354 0.2357 0.1945 0.3664 0.0733 0.6512
0.9537 0.3897 0.7189 0.9330 0.0432 0.1417 0.8061 0.8381 0.6391 0.1598 0.4135 0.8682
0.8196 0.7983 0.9857 0.6909 0.5542 0.7484 0.1349 0.6768 0.4434 0.1766 0.2026 0.5227
0.2533 0.4595 0.6055 0.3958 0.1308 0.4909 0.2354 0.2357 0.1945 0.3664 0.0733 0.6512
0.9537 0.3897 0.7189 0.9330 0.0432 0.1417 0.8061 0.8381 0.6391 0.1598 0.4135 0.8682
0.8862 0.8032 0.2031 0.8537 0.3748 0.7165 0.1370 0.9713 0.6035 0.7227 0.2117 0.6172
0.5809 0.5912 0.3594 0.7277 0.3413 0.2953 0.1645 0.6840 0.1123 0.2256 0.0691 0.6435
0.5562 0.5433 0.0388 0.4396 0.3431 0.0927 0.0030 0.9979 0.1215 0.3015 0.2689 0.5973
0.8196 0.7983 0.9857 0.6909 0.5542 0.7484 0.1349 0.6768 0.4434 0.1766 0.2026 0.5227
0.2533 0.4595 0.6055 0.3958 0.1308 0.4909 0.2354 0.2357 0.1945 0.3664 0.0733 0.6512
0.9537 0.3897 0.7189 0.9330 0.0432 0.1417 0.8061 0.8381 0.6391 0.1598 0.4135 0.8682
0.8196 0.7983 0.9857 0.6909 0.5542 0.7484 0.1349 0.6768 0.4434 0.1766 0.2026 0.5227
0.2533 0.4595 0.6055 0.3958 0.1308 0.4909 0.2354 0.2357 0.1945 0.3664 0.0733 0.6512
0.9537 0.3897 0.7189 0.9330 0.0432 0.1417 0.8061 0.8381 0.6391 0.1598 0.4135 0.8682
